-9.822873e-01
-9.297765e-01
-8.443279e-01
-7.289686e-01
-5.877853e-01
-4.257793e-01
-2.486899e-01
-6.279052e-02
1.253332e-01
3.090170e-01
4.817537e-01
6.374240e-01
7.705132e-01
8.763067e-01
9.510565e-01
9.921147e-01
9.980267e-01
9.685832e-01
9.048271e-01
8.090170e-01
6.845471e-01
5.358268e-01
3.681246e-01
1.873813e-01
3.061617e-16
-1.873813e-01
-3.681246e-01
-5.358268e-01
-6.845471e-01
-8.090170e-01
-9.048271e-01
-9.685832e-01
-9.980267e-01
-9.921147e-01
-9.510565e-01
-8.763067e-01
-7.705132e-01
-6.374240e-01
-4.817537e-01
-3.090170e-01
-1.253332e-01
6.279052e-02
2.486899e-01
4.257793e-01
5.877853e-01
7.289686e-01
8.443279e-01
9.297765e-01
9.822873e-01
1
9.822873e-01
9.297765e-01
8.443279e-01
7.289686e-01
5.877853e-01
4.257793e-01
2.486899e-01
6.279052e-02
-1.253332e-01
-3.090170e-01
-4.817537e-01
-6.374240e-01
-7.705132e-01
-8.763067e-01
-9.510565e-01
-9.921147e-01
-9.980267e-01
-9.685832e-01
-9.048271e-01
-8.090170e-01
-6.845471e-01
-5.358268e-01
-3.681246e-01
-1.873813e-01
-2.449913e-15
1.873813e-01
3.681246e-01
5.358268e-01
6.845471e-01
8.090170e-01
9.048271e-01
9.685832e-01
9.980267e-01
9.921147e-01
9.510565e-01
8.763067e-01
7.705132e-01
6.374240e-01
4.817537e-01
3.090170e-01
1.253332e-01
-6.279052e-02
-2.486899e-01
-4.257793e-01
-5.877853e-01
-7.289686e-01
-8.443279e-01
-9.297765e-01
-9.822873e-01
-1
9.822873e-01
9.297765e-01
8.443279e-01
7.289686e-01
5.877853e-01
4.257793e-01
2.486899e-01
6.279052e-02
-1.253332e-01
-3.090170e-01
-4.817537e-01
-6.374240e-01
-7.705132e-01
-8.763067e-01
-9.510565e-01
-9.921147e-01
-9.980267e-01
-9.685832e-01
-9.048271e-01
-8.090170e-01
-6.845471e-01
-5.358268e-01
-3.681246e-01
-1.873813e-01
-2.694842e-15
1.873813e-01
3.681246e-01
5.358268e-01
6.845471e-01
8.090170e-01
9.048271e-01
9.685832e-01
9.980267e-01
9.921147e-01
9.510565e-01
8.763067e-01
7.705132e-01
6.374240e-01
4.817537e-01
3.090170e-01
1.253332e-01
-6.279052e-02
-2.486899e-01
-4.257793e-01
-5.877853e-01
-7.289686e-01
-8.443279e-01
-9.297765e-01
-9.822873e-01
-1
-9.822873e-01
-9.297765e-01
-8.443279e-01
-7.289686e-01
-5.877853e-01
-4.257793e-01
-2.486899e-01
-6.279052e-02
1.253332e-01
3.090170e-01
4.817537e-01
6.374240e-01
7.705132e-01
8.763067e-01
9.510565e-01
9.921147e-01
9.980267e-01
9.685832e-01
9.048271e-01
8.090170e-01
6.845471e-01
5.358268e-01
3.681246e-01
1.873813e-01
-4.904777e-16
-1.873813e-01
-3.681246e-01
-5.358268e-01
-6.845471e-01
-8.090170e-01
-9.048271e-01
-9.685832e-01
-9.980267e-01
-9.921147e-01
-9.510565e-01
-8.763067e-01
-7.705132e-01
-6.374240e-01
-4.817537e-01
-3.090170e-01
-1.253332e-01
6.279052e-02
2.486899e-01
4.257793e-01
5.877853e-01
7.289686e-01
8.443279e-01
9.297765e-01
9.822873e-01
1
-9.822873e-01
-9.297765e-01
-8.443279e-01
-7.289686e-01
-5.877853e-01
-4.257793e-01
-2.486899e-01
-6.279052e-02
1.253332e-01
3.090170e-01
4.817537e-01
6.374240e-01
7.705132e-01
8.763067e-01
9.510565e-01
9.921147e-01
9.980267e-01
9.685832e-01
9.048271e-01
8.090170e-01
6.845471e-01
5.358268e-01
3.681246e-01
1.873813e-01
-6.189806e-19
-1.873813e-01
-3.681246e-01
-5.358268e-01
-6.845471e-01
-8.090170e-01
-9.048271e-01
-9.685832e-01
-9.980267e-01
-9.921147e-01
-9.510565e-01
-8.763067e-01
-7.705132e-01
-6.374240e-01
-4.817537e-01
-3.090170e-01
-1.253332e-01
6.279052e-02
2.486899e-01
4.257793e-01
5.877853e-01
7.289686e-01
8.443279e-01
9.297765e-01
9.822873e-01
1
9.822873e-01
9.297765e-01
8.443279e-01
7.289686e-01
5.877853e-01
4.257793e-01
2.486899e-01
6.279052e-02
-1.253332e-01
-3.090170e-01
-4.817537e-01
-6.374240e-01
-7.705132e-01
-8.763067e-01
-9.510565e-01
-9.921147e-01
-9.980267e-01
-9.685832e-01
-9.048271e-01
-8.090170e-01
-6.845471e-01
-5.358268e-01
-3.681246e-01
-1.873813e-01
-3.919489e-15
1.873813e-01
3.681246e-01
5.358268e-01
6.845471e-01
8.090170e-01
9.048271e-01
9.685832e-01
9.980267e-01
9.921147e-01
9.510565e-01
8.763067e-01
7.705132e-01
6.374240e-01
4.817537e-01
3.090170e-01
1.253332e-01
-6.279052e-02
-2.486899e-01
-4.257793e-01
-5.877853e-01
-7.289686e-01
-8.443279e-01
-9.297765e-01
-9.822873e-01
-1
-9.822873e-01
-9.297765e-01
-8.443279e-01
-7.289686e-01
-5.877853e-01
-4.257793e-01
-2.486899e-01
-6.279052e-02
1.253332e-01
3.090170e-01
4.817537e-01
6.374240e-01
7.705132e-01
8.763067e-01
9.510565e-01
9.921147e-01
9.980267e-01
9.685832e-01
9.048271e-01
8.090170e-01
6.845471e-01
5.358268e-01
3.681246e-01
1.873813e-01
7.839596e-15
-1.873813e-01
-3.681246e-01
-5.358268e-01
-6.845471e-01
-8.090170e-01
-9.048271e-01
-9.685832e-01
-9.980267e-01
-9.921147e-01
-9.510565e-01
-8.763067e-01
-7.705132e-01
-6.374240e-01
-4.817537e-01
-3.090170e-01
-1.253332e-01
6.279052e-02
2.486899e-01
4.257793e-01
5.877853e-01
7.289686e-01
8.443279e-01
9.297765e-01
9.822873e-01
1
9.822873e-01
9.297765e-01
8.443279e-01
7.289686e-01
5.877853e-01
4.257793e-01
2.486899e-01
6.279052e-02
-1.253332e-01
-3.090170e-01
-4.817537e-01
-6.374240e-01
-7.705132e-01
-8.763067e-01
-9.510565e-01
-9.921147e-01
-9.980267e-01
-9.685832e-01
-9.048271e-01
-8.090170e-01
-6.845471e-01
-5.358268e-01
-3.681246e-01
-1.873813e-01
2.451151e-15
1.873813e-01
3.681246e-01
5.358268e-01
6.845471e-01
8.090170e-01
9.048271e-01
9.685832e-01
9.980267e-01
9.921147e-01
9.510565e-01
8.763067e-01
7.705132e-01
6.374240e-01
4.817537e-01
3.090170e-01
1.253332e-01
-6.279052e-02
-2.486899e-01
-4.257793e-01
-5.877853e-01
-7.289686e-01
-8.443279e-01
-9.297765e-01
-9.822873e-01
-1
9.822873e-01
9.297765e-01
8.443279e-01
7.289686e-01
5.877853e-01
4.257793e-01
2.486899e-01
6.279052e-02
-1.253332e-01
-3.090170e-01
-4.817537e-01
-6.374240e-01
-7.705132e-01
-8.763067e-01
-9.510565e-01
-9.921147e-01
-9.980267e-01
-9.685832e-01
-9.048271e-01
-8.090170e-01
-6.845471e-01
-5.358268e-01
-3.681246e-01
-1.873813e-01
-4.899206e-15
1.873813e-01
3.681246e-01
5.358268e-01
6.845471e-01
8.090170e-01
9.048271e-01
9.685832e-01
9.980267e-01
9.921147e-01
9.510565e-01
8.763067e-01
7.705132e-01
6.374240e-01
4.817537e-01
3.090170e-01
1.253332e-01
-6.279052e-02
-2.486899e-01
-4.257793e-01
-5.877853e-01
-7.289686e-01
-8.443279e-01
-9.297765e-01
-9.822873e-01
-1
-9.822873e-01
-9.297765e-01
-8.443279e-01
-7.289686e-01
-5.877853e-01
-4.257793e-01
-2.486899e-01
-6.279052e-02
1.253332e-01
3.090170e-01
4.817537e-01
6.374240e-01
7.705132e-01
8.763067e-01
9.510565e-01
9.921147e-01
9.980267e-01
9.685832e-01
9.048271e-01
8.090170e-01
6.845471e-01
5.358268e-01
3.681246e-01
1.873813e-01
8.819314e-15
-1.873813e-01
-3.681246e-01
-5.358268e-01
-6.845471e-01
-8.090170e-01
-9.048271e-01
-9.685832e-01
-9.980267e-01
-9.921147e-01
-9.510565e-01
-8.763067e-01
-7.705132e-01
-6.374240e-01
-4.817537e-01
-3.090170e-01
-1.253332e-01
6.279052e-02
2.486899e-01
4.257793e-01
5.877853e-01
7.289686e-01
8.443279e-01
9.297765e-01
9.822873e-01
1
-9.822873e-01
-9.297765e-01
-8.443279e-01
-7.289686e-01
-5.877853e-01
-4.257793e-01
-2.486899e-01
-6.279052e-02
1.253332e-01
3.090170e-01
4.817537e-01
6.374240e-01
7.705132e-01
8.763067e-01
9.510565e-01
9.921147e-01
9.980267e-01
9.685832e-01
9.048271e-01
8.090170e-01
6.845471e-01
5.358268e-01
3.681246e-01
1.873813e-01
-4.901682e-15
-1.873813e-01
-3.681246e-01
-5.358268e-01
-6.845471e-01
-8.090170e-01
-9.048271e-01
-9.685832e-01
-9.980267e-01
-9.921147e-01
-9.510565e-01
-8.763067e-01
-7.705132e-01
-6.374240e-01
-4.817537e-01
-3.090170e-01
-1.253332e-01
6.279052e-02
2.486899e-01
4.257793e-01
5.877853e-01
7.289686e-01
8.443279e-01
9.297765e-01
9.822873e-01
1
9.822873e-01
9.297765e-01
8.443279e-01
7.289686e-01
5.877853e-01
4.257793e-01
2.486899e-01
6.279052e-02
-1.253332e-01
-3.090170e-01
-4.817537e-01
-6.374240e-01
-7.705132e-01
-8.763067e-01
-9.510565e-01
-9.921147e-01
-9.980267e-01
-9.685832e-01
-9.048271e-01
-8.090170e-01
-6.845471e-01
-5.358268e-01
-3.681246e-01
-1.873813e-01
9.815744e-16
1.873813e-01
3.681246e-01
5.358268e-01
6.845471e-01
8.090170e-01
9.048271e-01
9.685832e-01
9.980267e-01
9.921147e-01
9.510565e-01
8.763067e-01
7.705132e-01
6.374240e-01
4.817537e-01
3.090170e-01
1.253332e-01
-6.279052e-02
-2.486899e-01
-4.257793e-01
-5.877853e-01
-7.289686e-01
-8.443279e-01
-9.297765e-01
-9.822873e-01
-1
-9.822873e-01
-9.297765e-01
-8.443279e-01
-7.289686e-01
-5.877853e-01
-4.257793e-01
-2.486899e-01
-6.279052e-02
1.253332e-01
3.090170e-01
4.817537e-01
6.374240e-01
7.705132e-01
8.763067e-01
9.510565e-01
9.921147e-01
9.980267e-01
9.685832e-01
9.048271e-01
8.090170e-01
6.845471e-01
5.358268e-01
3.681246e-01
1.873813e-01
2.938533e-15
-1.873813e-01
-3.681246e-01
-5.358268e-01
-6.845471e-01
-8.090170e-01
-9.048271e-01
-9.685832e-01
-9.980267e-01
-9.921147e-01
-9.510565e-01
-8.763067e-01
-7.705132e-01
-6.374240e-01
-4.817537e-01
-3.090170e-01
-1.253332e-01
6.279052e-02
2.486899e-01
4.257793e-01
5.877853e-01
7.289686e-01
8.443279e-01
9.297765e-01
9.822873e-01
1
9.822873e-01
9.297765e-01
8.443279e-01
7.289686e-01
5.877853e-01
4.257793e-01
2.486899e-01
6.279052e-02
-1.253332e-01
-3.090170e-01
-4.817537e-01
-6.374240e-01
-7.705132e-01
-8.763067e-01
-9.510565e-01
-9.921147e-01
-9.980267e-01
-9.685832e-01
-9.048271e-01
-8.090170e-01
-6.845471e-01
-5.358268e-01
-3.681246e-01
-1.873813e-01
-2.106950e-14
1.873813e-01
3.681246e-01
5.358268e-01
6.845471e-01
8.090170e-01
9.048271e-01
9.685832e-01
9.980267e-01
9.921147e-01
9.510565e-01
8.763067e-01
7.705132e-01
6.374240e-01
4.817537e-01
3.090170e-01
1.253332e-01
-6.279052e-02
-2.486899e-01
-4.257793e-01
-5.877853e-01
-7.289686e-01
-8.443279e-01
-9.297765e-01
-9.822873e-01
-1
9.822873e-01
9.297765e-01
8.443279e-01
7.289686e-01
5.877853e-01
4.257793e-01
2.486899e-01
6.279052e-02
-1.253332e-01
-3.090170e-01
-4.817537e-01
-6.374240e-01
-7.705132e-01
-8.763067e-01
-9.510565e-01
-9.921147e-01
-9.980267e-01
-9.685832e-01
-9.048271e-01
-8.090170e-01
-6.845471e-01
-5.358268e-01
-3.681246e-01
-1.873813e-01
-1.420900e-14
1.873813e-01
3.681246e-01
5.358268e-01
6.845471e-01
8.090170e-01
9.048271e-01
9.685832e-01
9.980267e-01
9.921147e-01
9.510565e-01
8.763067e-01
7.705132e-01
6.374240e-01
4.817537e-01
3.090170e-01
1.253332e-01
-6.279052e-02
-2.486899e-01
-4.257793e-01
-5.877853e-01
-7.289686e-01
-8.443279e-01
-9.297765e-01
-9.822873e-01
-1
-9.822873e-01
-9.297765e-01
-8.443279e-01
-7.289686e-01
-5.877853e-01
-4.257793e-01
-2.486899e-01
-6.279052e-02
1.253332e-01
3.090170e-01
4.817537e-01
6.374240e-01
7.705132e-01
8.763067e-01
9.510565e-01
9.921147e-01
9.980267e-01
9.685832e-01
9.048271e-01
8.090170e-01
6.845471e-01
5.358268e-01
3.681246e-01
1.873813e-01
1.812911e-14
-1.873813e-01
-3.681246e-01
-5.358268e-01
-6.845471e-01
-8.090170e-01
-9.048271e-01
-9.685832e-01
-9.980267e-01
-9.921147e-01
-9.510565e-01
-8.763067e-01
-7.705132e-01
-6.374240e-01
-4.817537e-01
-3.090170e-01
-1.253332e-01
6.279052e-02
2.486899e-01
4.257793e-01
5.877853e-01
7.289686e-01
8.443279e-01
9.297765e-01
9.822873e-01
1
-9.822873e-01
-9.297765e-01
-8.443279e-01
-7.289686e-01
-5.877853e-01
-4.257793e-01
-2.486899e-01
-6.279052e-02
1.253332e-01
3.090170e-01
4.817537e-01
6.374240e-01
7.705132e-01
8.763067e-01
9.510565e-01
9.921147e-01
9.980267e-01
9.685832e-01
9.048271e-01
8.090170e-01
6.845471e-01
5.358268e-01
3.681246e-01
1.873813e-01
4.408109e-15
-1.873813e-01
-3.681246e-01
-5.358268e-01
-6.845471e-01
-8.090170e-01
-9.048271e-01
-9.685832e-01
-9.980267e-01
-9.921147e-01
-9.510565e-01
-8.763067e-01
-7.705132e-01
-6.374240e-01
-4.817537e-01
-3.090170e-01
-1.253332e-01
6.279052e-02
2.486899e-01
4.257793e-01
5.877853e-01
7.289686e-01
8.443279e-01
9.297765e-01
9.822873e-01
1
9.822873e-01
9.297765e-01
8.443279e-01
7.289686e-01
5.877853e-01
4.257793e-01
2.486899e-01
6.279052e-02
-1.253332e-01
-3.090170e-01
-4.817537e-01
-6.374240e-01
-7.705132e-01
-8.763067e-01
-9.510565e-01
-9.921147e-01
-9.980267e-01
-9.685832e-01
-9.048271e-01
-8.090170e-01
-6.845471e-01
-5.358268e-01
-3.681246e-01
-1.873813e-01
-8.328217e-15
1.873813e-01
3.681246e-01
5.358268e-01
6.845471e-01
8.090170e-01
9.048271e-01
9.685832e-01
9.980267e-01
9.921147e-01
9.510565e-01
8.763067e-01
7.705132e-01
6.374240e-01
4.817537e-01
3.090170e-01
1.253332e-01
-6.279052e-02
-2.486899e-01
-4.257793e-01
-5.877853e-01
-7.289686e-01
-8.443279e-01
-9.297765e-01
-9.822873e-01
-1
9.822873e-01
9.297765e-01
8.443279e-01
7.289686e-01
5.877853e-01
4.257793e-01
2.486899e-01
6.279052e-02
-1.253332e-01
-3.090170e-01
-4.817537e-01
-6.374240e-01
-7.705132e-01
-8.763067e-01
-9.510565e-01
-9.921147e-01
-9.980267e-01
-9.685832e-01
-9.048271e-01
-8.090170e-01
-6.845471e-01
-5.358268e-01
-3.681246e-01
-1.873813e-01
-1.467719e-15
1.873813e-01
3.681246e-01
5.358268e-01
6.845471e-01
8.090170e-01
9.048271e-01
9.685832e-01
9.980267e-01
9.921147e-01
9.510565e-01
8.763067e-01
7.705132e-01
6.374240e-01
4.817537e-01
3.090170e-01
1.253332e-01
-6.279052e-02
-2.486899e-01
-4.257793e-01
-5.877853e-01
-7.289686e-01
-8.443279e-01
-9.297765e-01
-9.822873e-01
-1
-9.822873e-01
-9.297765e-01
-8.443279e-01
-7.289686e-01
-5.877853e-01
-4.257793e-01
-2.486899e-01
-6.279052e-02
1.253332e-01
3.090170e-01
4.817537e-01
6.374240e-01
7.705132e-01
8.763067e-01
9.510565e-01
9.921147e-01
9.980267e-01
9.685832e-01
9.048271e-01
8.090170e-01
6.845471e-01
5.358268e-01
3.681246e-01
1.873813e-01
5.387827e-15
-1.873813e-01
-3.681246e-01
-5.358268e-01
-6.845471e-01
-8.090170e-01
-9.048271e-01
-9.685832e-01
-9.980267e-01
-9.921147e-01
-9.510565e-01
-8.763067e-01
-7.705132e-01
-6.374240e-01
-4.817537e-01
-3.090170e-01
-1.253332e-01
6.279052e-02
2.486899e-01
4.257793e-01
5.877853e-01
7.289686e-01
8.443279e-01
9.297765e-01
9.822873e-01
1
-9.822873e-01
-9.297765e-01
-8.443279e-01
-7.289686e-01
-5.877853e-01
-4.257793e-01
-2.486899e-01
-6.279052e-02
1.253332e-01
3.090170e-01
4.817537e-01
6.374240e-01
7.705132e-01
8.763067e-01
9.510565e-01
9.921147e-01
9.980267e-01
9.685832e-01
9.048271e-01
8.090170e-01
6.845471e-01
5.358268e-01
3.681246e-01
1.873813e-01
2.008854e-14
-1.873813e-01
-3.681246e-01
-5.358268e-01
-6.845471e-01
-8.090170e-01
-9.048271e-01
-9.685832e-01
-9.980267e-01
-9.921147e-01
-9.510565e-01
-8.763067e-01
-7.705132e-01
-6.374240e-01
-4.817537e-01
-3.090170e-01
-1.253332e-01
6.279052e-02
2.486899e-01
4.257793e-01
5.877853e-01
7.289686e-01
8.443279e-01
9.297765e-01
9.822873e-01
1
9.822873e-01
9.297765e-01
8.443279e-01
7.289686e-01
5.877853e-01
4.257793e-01
2.486899e-01
6.279052e-02
-1.253332e-01
-3.090170e-01
-4.817537e-01
-6.374240e-01
-7.705132e-01
-8.763067e-01
-9.510565e-01
-9.921147e-01
-9.980267e-01
-9.685832e-01
-9.048271e-01
-8.090170e-01
-6.845471e-01
-5.358268e-01
-3.681246e-01
-1.873813e-01
-2.400865e-14
1.873813e-01
3.681246e-01
5.358268e-01
6.845471e-01
8.090170e-01
9.048271e-01
9.685832e-01
9.980267e-01
9.921147e-01
9.510565e-01
8.763067e-01
7.705132e-01
6.374240e-01
4.817537e-01
3.090170e-01
1.253332e-01
-6.279052e-02
-2.486899e-01
-4.257793e-01
-5.877853e-01
-7.289686e-01
-8.443279e-01
-9.297765e-01
-9.822873e-01
-1
9.822873e-01
9.297765e-01
8.443279e-01
7.289686e-01
5.877853e-01
4.257793e-01
2.486899e-01
6.279052e-02
-1.253332e-01
-3.090170e-01
-4.817537e-01
-6.374240e-01
-7.705132e-01
-8.763067e-01
-9.510565e-01
-9.921147e-01
-9.980267e-01
-9.685832e-01
-9.048271e-01
-8.090170e-01
-6.845471e-01
-5.358268e-01
-3.681246e-01
-1.873813e-01
-1.714815e-14
1.873813e-01
3.681246e-01
5.358268e-01
6.845471e-01
8.090170e-01
9.048271e-01
9.685832e-01
9.980267e-01
9.921147e-01
9.510565e-01
8.763067e-01
7.705132e-01
6.374240e-01
4.817537e-01
3.090170e-01
1.253332e-01
-6.279052e-02
-2.486899e-01
-4.257793e-01
-5.877853e-01
-7.289686e-01
-8.443279e-01
-9.297765e-01
-9.822873e-01
-1
-9.822873e-01
-9.297765e-01
-8.443279e-01
-7.289686e-01
-5.877853e-01
-4.257793e-01
-2.486899e-01
-6.279052e-02
1.253332e-01
3.090170e-01
4.817537e-01
6.374240e-01
7.705132e-01
8.763067e-01
9.510565e-01
9.921147e-01
9.980267e-01
9.685832e-01
9.048271e-01
8.090170e-01
6.845471e-01
5.358268e-01
3.681246e-01
1.873813e-01
2.106826e-14
-1.873813e-01
-3.681246e-01
-5.358268e-01
-6.845471e-01
-8.090170e-01
-9.048271e-01
-9.685832e-01
-9.980267e-01
-9.921147e-01
-9.510565e-01
-8.763067e-01
-7.705132e-01
-6.374240e-01
-4.817537e-01
-3.090170e-01
-1.253332e-01
6.279052e-02
2.486899e-01
4.257793e-01
5.877853e-01
7.289686e-01
8.443279e-01
9.297765e-01
9.822873e-01
1
9.822873e-01
9.297765e-01
8.443279e-01
7.289686e-01
5.877853e-01
4.257793e-01
2.486899e-01
6.279052e-02
-1.253332e-01
-3.090170e-01
-4.817537e-01
-6.374240e-01
-7.705132e-01
-8.763067e-01
-9.510565e-01
-9.921147e-01
-9.980267e-01
-9.685832e-01
-9.048271e-01
-8.090170e-01
-6.845471e-01
-5.358268e-01
-3.681246e-01
-1.873813e-01
3.433344e-15
1.873813e-01
3.681246e-01
5.358268e-01
6.845471e-01
8.090170e-01
9.048271e-01
9.685832e-01
9.980267e-01
9.921147e-01
9.510565e-01
8.763067e-01
7.705132e-01
6.374240e-01
4.817537e-01
3.090170e-01
1.253332e-01
-6.279052e-02
-2.486899e-01
-4.257793e-01
-5.877853e-01
-7.289686e-01
-8.443279e-01
-9.297765e-01
-9.822873e-01
-1
-9.822873e-01
-9.297765e-01
-8.443279e-01
-7.289686e-01
-5.877853e-01
-4.257793e-01
-2.486899e-01
-6.279052e-02
1.253332e-01
3.090170e-01
4.817537e-01
6.374240e-01
7.705132e-01
8.763067e-01
9.510565e-01
9.921147e-01
9.980267e-01
9.685832e-01
9.048271e-01
8.090170e-01
6.845471e-01
5.358268e-01
3.681246e-01
1.873813e-01
4.867638e-16
-1.873813e-01
-3.681246e-01
-5.358268e-01
-6.845471e-01
-8.090170e-01
-9.048271e-01
-9.685832e-01
-9.980267e-01
-9.921147e-01
-9.510565e-01
-8.763067e-01
-7.705132e-01
-6.374240e-01
-4.817537e-01
-3.090170e-01
-1.253332e-01
6.279052e-02
2.486899e-01
4.257793e-01
5.877853e-01
7.289686e-01
8.443279e-01
9.297765e-01
9.822873e-01
1
9.822873e-01
9.297765e-01
8.443279e-01
7.289686e-01
5.877853e-01
4.257793e-01
2.486899e-01
6.279052e-02
-1.253332e-01
-3.090170e-01
-4.817537e-01
-6.374240e-01
-7.705132e-01
-8.763067e-01
-9.510565e-01
-9.921147e-01
-9.980267e-01
-9.685832e-01
-9.048271e-01
-8.090170e-01
-6.845471e-01
-5.358268e-01
-3.681246e-01
-1.873813e-01
-4.406872e-15
1.873813e-01
3.681246e-01
5.358268e-01
6.845471e-01
8.090170e-01
9.048271e-01
9.685832e-01
9.980267e-01
9.921147e-01
9.510565e-01
8.763067e-01
7.705132e-01
6.374240e-01
4.817537e-01
3.090170e-01
1.253332e-01
-6.279052e-02
-2.486899e-01
-4.257793e-01
-5.877853e-01
-7.289686e-01
-8.443279e-01
-9.297765e-01
-9.822873e-01
-1
-9.822873e-01
-9.297765e-01
-8.443279e-01
-7.289686e-01
-5.877853e-01
-4.257793e-01
-2.486899e-01
-6.279052e-02
1.253332e-01
3.090170e-01
4.817537e-01
6.374240e-01
7.705132e-01
8.763067e-01
9.510565e-01
9.921147e-01
9.980267e-01
9.685832e-01
9.048271e-01
8.090170e-01
6.845471e-01
5.358268e-01
3.681246e-01
1.873813e-01
3.674869e-14
-1.873813e-01
-3.681246e-01
-5.358268e-01
-6.845471e-01
-8.090170e-01
-9.048271e-01
-9.685832e-01
-9.980267e-01
-9.921147e-01
-9.510565e-01
-8.763067e-01
-7.705132e-01
-6.374240e-01
-4.817537e-01
-3.090170e-01
-1.253332e-01
6.279052e-02
2.486899e-01
4.257793e-01
5.877853e-01
7.289686e-01
8.443279e-01
9.297765e-01
9.822873e-01
1
-9.822873e-01
-9.297765e-01
-8.443279e-01
-7.289686e-01
-5.877853e-01
-4.257793e-01
-2.486899e-01
-6.279052e-02
1.253332e-01
3.090170e-01
4.817537e-01
6.374240e-01
7.705132e-01
8.763067e-01
9.510565e-01
9.921147e-01
9.980267e-01
9.685832e-01
9.048271e-01
8.090170e-01
6.845471e-01
5.358268e-01
3.681246e-01
1.873813e-01
2.302769e-14
-1.873813e-01
-3.681246e-01
-5.358268e-01
-6.845471e-01
-8.090170e-01
-9.048271e-01
-9.685832e-01
-9.980267e-01
-9.921147e-01
-9.510565e-01
-8.763067e-01
-7.705132e-01
-6.374240e-01
-4.817537e-01
-3.090170e-01
-1.253332e-01
6.279052e-02
2.486899e-01
4.257793e-01
5.877853e-01
7.289686e-01
8.443279e-01
9.297765e-01
9.822873e-01
1
9.822873e-01
9.297765e-01
8.443279e-01
7.289686e-01
5.877853e-01
4.257793e-01
2.486899e-01
6.279052e-02
-1.253332e-01
-3.090170e-01
-4.817537e-01
-6.374240e-01
-7.705132e-01
-8.763067e-01
-9.510565e-01
-9.921147e-01
-9.980267e-01
-9.685832e-01
-9.048271e-01
-8.090170e-01
-6.845471e-01
-5.358268e-01
-3.681246e-01
-1.873813e-01
1.473909e-15
1.873813e-01
3.681246e-01
5.358268e-01
6.845471e-01
8.090170e-01
9.048271e-01
9.685832e-01
9.980267e-01
9.921147e-01
9.510565e-01
8.763067e-01
7.705132e-01
6.374240e-01
4.817537e-01
3.090170e-01
1.253332e-01
-6.279052e-02
-2.486899e-01
-4.257793e-01
-5.877853e-01
-7.289686e-01
-8.443279e-01
-9.297765e-01
-9.822873e-01
-1
-9.822873e-01
-9.297765e-01
-8.443279e-01
-7.289686e-01
-5.877853e-01
-4.257793e-01
-2.486899e-01
-6.279052e-02
1.253332e-01
3.090170e-01
4.817537e-01
6.374240e-01
7.705132e-01
8.763067e-01
9.510565e-01
9.921147e-01
9.980267e-01
9.685832e-01
9.048271e-01
8.090170e-01
6.845471e-01
5.358268e-01
3.681246e-01
1.873813e-01
3.086791e-14
-1.873813e-01
-3.681246e-01
-5.358268e-01
-6.845471e-01
-8.090170e-01
-9.048271e-01
-9.685832e-01
-9.980267e-01
-9.921147e-01
-9.510565e-01
-8.763067e-01
-7.705132e-01
-6.374240e-01
-4.817537e-01
-3.090170e-01
-1.253332e-01
6.279052e-02
2.486899e-01
4.257793e-01
5.877853e-01
7.289686e-01
8.443279e-01
9.297765e-01
9.822873e-01
1
9.822873e-01
9.297765e-01
8.443279e-01
7.289686e-01
5.877853e-01
4.257793e-01
2.486899e-01
6.279052e-02
-1.253332e-01
-3.090170e-01
-4.817537e-01
-6.374240e-01
-7.705132e-01
-8.763067e-01
-9.510565e-01
-9.921147e-01
-9.980267e-01
-9.685832e-01
-9.048271e-01
-8.090170e-01
-6.845471e-01
-5.358268e-01
-3.681246e-01
-1.873813e-01
-6.366306e-15
1.873813e-01
3.681246e-01
5.358268e-01
6.845471e-01
8.090170e-01
9.048271e-01
9.685832e-01
9.980267e-01
9.921147e-01
9.510565e-01
8.763067e-01
7.705132e-01
6.374240e-01
4.817537e-01
3.090170e-01
1.253332e-01
-6.279052e-02
-2.486899e-01
-4.257793e-01
-5.877853e-01
-7.289686e-01
-8.443279e-01
-9.297765e-01
-9.822873e-01
-1
9.822873e-01
9.297765e-01
8.443279e-01
7.289686e-01
5.877853e-01
4.257793e-01
2.486899e-01
6.279052e-02
-1.253332e-01
-3.090170e-01
-4.817537e-01
-6.374240e-01
-7.705132e-01
-8.763067e-01
-9.510565e-01
-9.921147e-01
-9.980267e-01
-9.685832e-01
-9.048271e-01
-8.090170e-01
-6.845471e-01
-5.358268e-01
-3.681246e-01
-1.873813e-01
-2.792752e-14
1.873813e-01
3.681246e-01
5.358268e-01
6.845471e-01
8.090170e-01
9.048271e-01
9.685832e-01
9.980267e-01
9.921147e-01
9.510565e-01
8.763067e-01
7.705132e-01
6.374240e-01
4.817537e-01
3.090170e-01
1.253332e-01
-6.279052e-02
-2.486899e-01
-4.257793e-01
-5.877853e-01
-7.289686e-01
-8.443279e-01
-9.297765e-01
-9.822873e-01
-1
-9.822873e-01
-9.297765e-01
-8.443279e-01
-7.289686e-01
-5.877853e-01
-4.257793e-01
-2.486899e-01
-6.279052e-02
1.253332e-01
3.090170e-01
4.817537e-01
6.374240e-01
7.705132e-01
8.763067e-01
9.510565e-01
9.921147e-01
9.980267e-01
9.685832e-01
9.048271e-01
8.090170e-01
6.845471e-01
5.358268e-01
3.681246e-01
1.873813e-01
3.425916e-15
-1.873813e-01
-3.681246e-01
-5.358268e-01
-6.845471e-01
-8.090170e-01
-9.048271e-01
-9.685832e-01
-9.980267e-01
-9.921147e-01
-9.510565e-01
-8.763067e-01
-7.705132e-01
-6.374240e-01
-4.817537e-01
-3.090170e-01
-1.253332e-01
6.279052e-02
2.486899e-01
4.257793e-01
5.877853e-01
7.289686e-01
8.443279e-01
9.297765e-01
9.822873e-01
1
9.822873e-01
9.297765e-01
8.443279e-01
7.289686e-01
5.877853e-01
4.257793e-01
2.486899e-01
6.279052e-02
-1.253332e-01
-3.090170e-01
-4.817537e-01
-6.374240e-01
-7.705132e-01
-8.763067e-01
-9.510565e-01
-9.921147e-01
-9.980267e-01
-9.685832e-01
-9.048271e-01
-8.090170e-01
-6.845471e-01
-5.358268e-01
-3.681246e-01
-1.873813e-01
-3.576773e-14
1.873813e-01
3.681246e-01
5.358268e-01
6.845471e-01
8.090170e-01
9.048271e-01
9.685832e-01
9.980267e-01
9.921147e-01
9.510565e-01
8.763067e-01
7.705132e-01
6.374240e-01
4.817537e-01
3.090170e-01
1.253332e-01
-6.279052e-02
-2.486899e-01
-4.257793e-01
-5.877853e-01
-7.289686e-01
-8.443279e-01
-9.297765e-01
-9.822873e-01
-1
-9.822873e-01
-9.297765e-01
-8.443279e-01
-7.289686e-01
-5.877853e-01
-4.257793e-01
-2.486899e-01
-6.279052e-02
1.253332e-01
3.090170e-01
4.817537e-01
6.374240e-01
7.705132e-01
8.763067e-01
9.510565e-01
9.921147e-01
9.980267e-01
9.685832e-01
9.048271e-01
8.090170e-01
6.845471e-01
5.358268e-01
3.681246e-01
1.873813e-01
1.126613e-14
-1.873813e-01
-3.681246e-01
-5.358268e-01
-6.845471e-01
-8.090170e-01
-9.048271e-01
-9.685832e-01
-9.980267e-01
-9.921147e-01
-9.510565e-01
-8.763067e-01
-7.705132e-01
-6.374240e-01
-4.817537e-01
-3.090170e-01
-1.253332e-01
6.279052e-02
2.486899e-01
4.257793e-01
5.877853e-01
7.289686e-01
8.443279e-01
9.297765e-01
9.822873e-01
1
9.822873e-01
9.297765e-01
8.443279e-01
7.289686e-01
5.877853e-01
4.257793e-01
2.486899e-01
6.279052e-02
-1.253332e-01
-3.090170e-01
-4.817537e-01
-6.374240e-01
-7.705132e-01
-8.763067e-01
-9.510565e-01
-9.921147e-01
-9.980267e-01
-9.685832e-01
-9.048271e-01
-8.090170e-01
-6.845471e-01
-5.358268e-01
-3.681246e-01
-1.873813e-01
1.323547e-14
1.873813e-01
3.681246e-01
5.358268e-01
6.845471e-01
8.090170e-01
9.048271e-01
9.685832e-01
9.980267e-01
9.921147e-01
9.510565e-01
8.763067e-01
7.705132e-01
6.374240e-01
4.817537e-01
3.090170e-01
1.253332e-01
-6.279052e-02
-2.486899e-01
-4.257793e-01
-5.877853e-01
-7.289686e-01
-8.443279e-01
-9.297765e-01
-9.822873e-01
-1
-9.822873e-01
-9.297765e-01
-8.443279e-01
-7.289686e-01
-5.877853e-01
-4.257793e-01
-2.486899e-01
-6.279052e-02
1.253332e-01
3.090170e-01
4.817537e-01
6.374240e-01
7.705132e-01
8.763067e-01
9.510565e-01
9.921147e-01
9.980267e-01
9.685832e-01
9.048271e-01
8.090170e-01
6.845471e-01
5.358268e-01
3.681246e-01
1.873813e-01
1.910635e-14
-1.873813e-01
-3.681246e-01
-5.358268e-01
-6.845471e-01
-8.090170e-01
-9.048271e-01
-9.685832e-01
-9.980267e-01
-9.921147e-01
-9.510565e-01
-8.763067e-01
-7.705132e-01
-6.374240e-01
-4.817537e-01
-3.090170e-01
-1.253332e-01
6.279052e-02
2.486899e-01
4.257793e-01
5.877853e-01
7.289686e-01
8.443279e-01
9.297765e-01
9.822873e-01
1
9.822873e-01
9.297765e-01
8.443279e-01
7.289686e-01
5.877853e-01
4.257793e-01
2.486899e-01
6.279052e-02
-1.253332e-01
-3.090170e-01
-4.817537e-01
-6.374240e-01
-7.705132e-01
-8.763067e-01
-9.510565e-01
-9.921147e-01
-9.980267e-01
-9.685832e-01
-9.048271e-01
-8.090170e-01
-6.845471e-01
-5.358268e-01
-3.681246e-01
-1.873813e-01
5.395255e-15
1.873813e-01
3.681246e-01
5.358268e-01
6.845471e-01
8.090170e-01
9.048271e-01
9.685832e-01
9.980267e-01
9.921147e-01
9.510565e-01
8.763067e-01
7.705132e-01
6.374240e-01
4.817537e-01
3.090170e-01
1.253332e-01
-6.279052e-02
-2.486899e-01
-4.257793e-01
-5.877853e-01
-7.289686e-01
-8.443279e-01
-9.297765e-01
-9.822873e-01
-1
-9.822873e-01
-9.297765e-01
-8.443279e-01
-7.289686e-01
-5.877853e-01
-4.257793e-01
-2.486899e-01
-6.279052e-02
1.253332e-01
3.090170e-01
4.817537e-01
6.374240e-01
7.705132e-01
8.763067e-01
9.510565e-01
9.921147e-01
9.980267e-01
9.685832e-01
9.048271e-01
8.090170e-01
6.845471e-01
5.358268e-01
3.681246e-01
1.873813e-01
2.694656e-14
-1.873813e-01
-3.681246e-01
-5.358268e-01
-6.845471e-01
-8.090170e-01
-9.048271e-01
-9.685832e-01
-9.980267e-01
-9.921147e-01
-9.510565e-01
-8.763067e-01
-7.705132e-01
-6.374240e-01
-4.817537e-01
-3.090170e-01
-1.253332e-01
6.279052e-02
2.486899e-01
4.257793e-01
5.877853e-01
7.289686e-01
8.443279e-01
9.297765e-01
9.822873e-01
1
9.822873e-01
9.297765e-01
8.443279e-01
7.289686e-01
5.877853e-01
4.257793e-01
2.486899e-01
6.279052e-02
-1.253332e-01
-3.090170e-01
-4.817537e-01
-6.374240e-01
-7.705132e-01
-8.763067e-01
-9.510565e-01
-9.921147e-01
-9.980267e-01
-9.685832e-01
-9.048271e-01
-8.090170e-01
-6.845471e-01
-5.358268e-01
-3.681246e-01
-1.873813e-01
-2.444961e-15
1.873813e-01
3.681246e-01
5.358268e-01
6.845471e-01
8.090170e-01
9.048271e-01
9.685832e-01
9.980267e-01
9.921147e-01
9.510565e-01
8.763067e-01
7.705132e-01
6.374240e-01
4.817537e-01
3.090170e-01
1.253332e-01
-6.279052e-02
-2.486899e-01
-4.257793e-01
-5.877853e-01
-7.289686e-01
-8.443279e-01
-9.297765e-01
-9.822873e-01
-1
-9.822873e-01
-9.297765e-01
-8.443279e-01
-7.289686e-01
-5.877853e-01
-4.257793e-01
-2.486899e-01
-6.279052e-02
1.253332e-01
3.090170e-01
4.817537e-01
6.374240e-01
7.705132e-01
8.763067e-01
9.510565e-01
9.921147e-01
9.980267e-01
9.685832e-01
9.048271e-01
8.090170e-01
6.845471e-01
5.358268e-01
3.681246e-01
1.873813e-01
3.478678e-14
-1.873813e-01
-3.681246e-01
-5.358268e-01
-6.845471e-01
-8.090170e-01
-9.048271e-01
-9.685832e-01
-9.980267e-01
-9.921147e-01
-9.510565e-01
-8.763067e-01
-7.705132e-01
-6.374240e-01
-4.817537e-01
-3.090170e-01
-1.253332e-01
6.279052e-02
2.486899e-01
4.257793e-01
5.877853e-01
7.289686e-01
8.443279e-01
9.297765e-01
9.822873e-01
1
9.822873e-01
9.297765e-01
8.443279e-01
7.289686e-01
5.877853e-01
4.257793e-01
2.486899e-01
6.279052e-02
-1.253332e-01
-3.090170e-01
-4.817537e-01
-6.374240e-01
-7.705132e-01
-8.763067e-01
-9.510565e-01
-9.921147e-01
-9.980267e-01
-9.685832e-01
-9.048271e-01
-8.090170e-01
-6.845471e-01
-5.358268e-01
-3.681246e-01
-1.873813e-01
-1.028518e-14
1.873813e-01
3.681246e-01
5.358268e-01
6.845471e-01
8.090170e-01
9.048271e-01
9.685832e-01
9.980267e-01
9.921147e-01
9.510565e-01
8.763067e-01
7.705132e-01
6.374240e-01
4.817537e-01
3.090170e-01
1.253332e-01
-6.279052e-02
-2.486899e-01
-4.257793e-01
-5.877853e-01
-7.289686e-01
-8.443279e-01
-9.297765e-01
-9.822873e-01
-1
-9.822873e-01
-9.297765e-01
-8.443279e-01
-7.289686e-01
-5.877853e-01
-4.257793e-01
-2.486899e-01
-6.279052e-02
1.253332e-01
3.090170e-01
4.817537e-01
6.374240e-01
7.705132e-01
8.763067e-01
9.510565e-01
9.921147e-01
9.980267e-01
9.685832e-01
9.048271e-01
8.090170e-01
6.845471e-01
5.358268e-01
3.681246e-01
1.873813e-01
4.262699e-14
-1.873813e-01
-3.681246e-01
-5.358268e-01
-6.845471e-01
-8.090170e-01
-9.048271e-01
-9.685832e-01
-9.980267e-01
-9.921147e-01
-9.510565e-01
-8.763067e-01
-7.705132e-01
-6.374240e-01
-4.817537e-01
-3.090170e-01
-1.253332e-01
6.279052e-02
2.486899e-01
4.257793e-01
5.877853e-01
7.289686e-01
8.443279e-01
9.297765e-01
9.822873e-01
1
-9.822873e-01
-9.297765e-01
-8.443279e-01
-7.289686e-01
-5.877853e-01
-4.257793e-01
-2.486899e-01
-6.279052e-02
1.253332e-01
3.090170e-01
4.817537e-01
6.374240e-01
7.705132e-01
8.763067e-01
9.510565e-01
9.921147e-01
9.980267e-01
9.685832e-01
9.048271e-01
8.090170e-01
6.845471e-01
5.358268e-01
3.681246e-01
1.873813e-01
2.890600e-14
-1.873813e-01
-3.681246e-01
-5.358268e-01
-6.845471e-01
-8.090170e-01
-9.048271e-01
-9.685832e-01
-9.980267e-01
-9.921147e-01
-9.510565e-01
-8.763067e-01
-7.705132e-01
-6.374240e-01
-4.817537e-01
-3.090170e-01
-1.253332e-01
6.279052e-02
2.486899e-01
4.257793e-01
5.877853e-01
7.289686e-01
8.443279e-01
9.297765e-01
9.822873e-01
1
9.822873e-01
9.297765e-01
8.443279e-01
7.289686e-01
5.877853e-01
4.257793e-01
2.486899e-01
6.279052e-02
-1.253332e-01
-3.090170e-01
-4.817537e-01
-6.374240e-01
-7.705132e-01
-8.763067e-01
-9.510565e-01
-9.921147e-01
-9.980267e-01
-9.685832e-01
-9.048271e-01
-8.090170e-01
-6.845471e-01
-5.358268e-01
-3.681246e-01
-1.873813e-01
-4.404396e-15
1.873813e-01
3.681246e-01
5.358268e-01
6.845471e-01
8.090170e-01
9.048271e-01
9.685832e-01
9.980267e-01
9.921147e-01
9.510565e-01
8.763067e-01
7.705132e-01
6.374240e-01
4.817537e-01
3.090170e-01
1.253332e-01
-6.279052e-02
-2.486899e-01
-4.257793e-01
-5.877853e-01
-7.289686e-01
-8.443279e-01
-9.297765e-01
-9.822873e-01
-1
-9.822873e-01
-9.297765e-01
-8.443279e-01
-7.289686e-01
-5.877853e-01
-4.257793e-01
-2.486899e-01
-6.279052e-02
1.253332e-01
3.090170e-01
4.817537e-01
6.374240e-01
7.705132e-01
8.763067e-01
9.510565e-01
9.921147e-01
9.980267e-01
9.685832e-01
9.048271e-01
8.090170e-01
6.845471e-01
5.358268e-01
3.681246e-01
1.873813e-01
3.674621e-14
-1.873813e-01
-3.681246e-01
-5.358268e-01
-6.845471e-01
-8.090170e-01
-9.048271e-01
-9.685832e-01
-9.980267e-01
-9.921147e-01
-9.510565e-01
-8.763067e-01
-7.705132e-01
-6.374240e-01
-4.817537e-01
-3.090170e-01
-1.253332e-01
6.279052e-02
2.486899e-01
4.257793e-01
5.877853e-01
7.289686e-01
8.443279e-01
9.297765e-01
9.822873e-01
1
9.822873e-01
9.297765e-01
8.443279e-01
7.289686e-01
5.877853e-01
4.257793e-01
2.486899e-01
6.279052e-02
-1.253332e-01
-3.090170e-01
-4.817537e-01
-6.374240e-01
-7.705132e-01
-8.763067e-01
-9.510565e-01
-9.921147e-01
-9.980267e-01
-9.685832e-01
-9.048271e-01
-8.090170e-01
-6.845471e-01
-5.358268e-01
-3.681246e-01
-1.873813e-01
-1.224461e-14
1.873813e-01
3.681246e-01
5.358268e-01
6.845471e-01
8.090170e-01
9.048271e-01
9.685832e-01
9.980267e-01
9.921147e-01
9.510565e-01
8.763067e-01
7.705132e-01
6.374240e-01
4.817537e-01
3.090170e-01
1.253332e-01
-6.279052e-02
-2.486899e-01
-4.257793e-01
-5.877853e-01
-7.289686e-01
-8.443279e-01
-9.297765e-01
-9.822873e-01
-1
9.822873e-01
9.297765e-01
8.443279e-01
7.289686e-01
5.877853e-01
4.257793e-01
2.486899e-01
6.279052e-02
-1.253332e-01
-3.090170e-01
-4.817537e-01
-6.374240e-01
-7.705132e-01
-8.763067e-01
-9.510565e-01
-9.921147e-01
-9.980267e-01
-9.685832e-01
-9.048271e-01
-8.090170e-01
-6.845471e-01
-5.358268e-01
-3.681246e-01
-1.873813e-01
-3.380582e-14
1.873813e-01
3.681246e-01
5.358268e-01
6.845471e-01
8.090170e-01
9.048271e-01
9.685832e-01
9.980267e-01
9.921147e-01
9.510565e-01
8.763067e-01
7.705132e-01
6.374240e-01
4.817537e-01
3.090170e-01
1.253332e-01
-6.279052e-02
-2.486899e-01
-4.257793e-01
-5.877853e-01
-7.289686e-01
-8.443279e-01
-9.297765e-01
-9.822873e-01
-1
-9.822873e-01
-9.297765e-01
-8.443279e-01
-7.289686e-01
-5.877853e-01
-4.257793e-01
-2.486899e-01
-6.279052e-02
1.253332e-01
3.090170e-01
4.817537e-01
6.374240e-01
7.705132e-01
8.763067e-01
9.510565e-01
9.921147e-01
9.980267e-01
9.685832e-01
9.048271e-01
8.090170e-01
6.845471e-01
5.358268e-01
3.681246e-01
1.873813e-01
9.304221e-15
-1.873813e-01
-3.681246e-01
-5.358268e-01
-6.845471e-01
-8.090170e-01
-9.048271e-01
-9.685832e-01
-9.980267e-01
-9.921147e-01
-9.510565e-01
-8.763067e-01
-7.705132e-01
-6.374240e-01
-4.817537e-01
-3.090170e-01
-1.253332e-01
6.279052e-02
2.486899e-01
4.257793e-01
5.877853e-01
7.289686e-01
8.443279e-01
9.297765e-01
9.822873e-01
1
-9.822873e-01
-9.297765e-01
-8.443279e-01
-7.289686e-01
-5.877853e-01
-4.257793e-01
-2.486899e-01
-6.279052e-02
1.253332e-01
3.090170e-01
4.817537e-01
6.374240e-01
7.705132e-01
8.763067e-01
9.510565e-01
9.921147e-01
9.980267e-01
9.685832e-01
9.048271e-01
8.090170e-01
6.845471e-01
5.358268e-01
3.681246e-01
1.873813e-01
5.242664e-14
-1.873813e-01
-3.681246e-01
-5.358268e-01
-6.845471e-01
-8.090170e-01
-9.048271e-01
-9.685832e-01
-9.980267e-01
-9.921147e-01
-9.510565e-01
-8.763067e-01
-7.705132e-01
-6.374240e-01
-4.817537e-01
-3.090170e-01
-1.253332e-01
6.279052e-02
2.486899e-01
4.257793e-01
5.877853e-01
7.289686e-01
8.443279e-01
9.297765e-01
9.822873e-01
1
9.822873e-01
9.297765e-01
8.443279e-01
7.289686e-01
5.877853e-01
4.257793e-01
2.486899e-01
6.279052e-02
-1.253332e-01
-3.090170e-01
-4.817537e-01
-6.374240e-01
-7.705132e-01
-8.763067e-01
-9.510565e-01
-9.921147e-01
-9.980267e-01
-9.685832e-01
-9.048271e-01
-8.090170e-01
-6.845471e-01
-5.358268e-01
-3.681246e-01
-1.873813e-01
-2.792504e-14
1.873813e-01
3.681246e-01
5.358268e-01
6.845471e-01
8.090170e-01
9.048271e-01
9.685832e-01
9.980267e-01
9.921147e-01
9.510565e-01
8.763067e-01
7.705132e-01
6.374240e-01
4.817537e-01
3.090170e-01
1.253332e-01
-6.279052e-02
-2.486899e-01
-4.257793e-01
-5.877853e-01
-7.289686e-01
-8.443279e-01
-9.297765e-01
-9.822873e-01
-1
-9.822873e-01
-9.297765e-01
-8.443279e-01
-7.289686e-01
-5.877853e-01
-4.257793e-01
-2.486899e-01
-6.279052e-02
1.253332e-01
3.090170e-01
4.817537e-01
6.374240e-01
7.705132e-01
8.763067e-01
9.510565e-01
9.921147e-01
9.980267e-01
9.685832e-01
9.048271e-01
8.090170e-01
6.845471e-01
5.358268e-01
3.681246e-01
1.873813e-01
3.423440e-15
-1.873813e-01
-3.681246e-01
-5.358268e-01
-6.845471e-01
-8.090170e-01
-9.048271e-01
-9.685832e-01
-9.980267e-01
-9.921147e-01
-9.510565e-01
-8.763067e-01
-7.705132e-01
-6.374240e-01
-4.817537e-01
-3.090170e-01
-1.253332e-01
6.279052e-02
2.486899e-01
4.257793e-01
5.877853e-01
7.289686e-01
8.443279e-01
9.297765e-01
9.822873e-01
1
9.822873e-01
9.297765e-01
8.443279e-01
7.289686e-01
5.877853e-01
4.257793e-01
2.486899e-01
6.279052e-02
-1.253332e-01
-3.090170e-01
-4.817537e-01
-6.374240e-01
-7.705132e-01
-8.763067e-01
-9.510565e-01
-9.921147e-01
-9.980267e-01
-9.685832e-01
-9.048271e-01
-8.090170e-01
-6.845471e-01
-5.358268e-01
-3.681246e-01
-1.873813e-01
-3.576526e-14
1.873813e-01
3.681246e-01
5.358268e-01
6.845471e-01
8.090170e-01
9.048271e-01
9.685832e-01
9.980267e-01
9.921147e-01
9.510565e-01
8.763067e-01
7.705132e-01
6.374240e-01
4.817537e-01
3.090170e-01
1.253332e-01
-6.279052e-02
-2.486899e-01
-4.257793e-01
-5.877853e-01
-7.289686e-01
-8.443279e-01
-9.297765e-01
-9.822873e-01
-1
-9.822873e-01
-9.297765e-01
-8.443279e-01
-7.289686e-01
-5.877853e-01
-4.257793e-01
-2.486899e-01
-6.279052e-02
1.253332e-01
3.090170e-01
4.817537e-01
6.374240e-01
7.705132e-01
8.763067e-01
9.510565e-01
9.921147e-01
9.980267e-01
9.685832e-01
9.048271e-01
8.090170e-01
6.845471e-01
5.358268e-01
3.681246e-01
1.873813e-01
1.126366e-14
-1.873813e-01
-3.681246e-01
-5.358268e-01
-6.845471e-01
-8.090170e-01
-9.048271e-01
-9.685832e-01
-9.980267e-01
-9.921147e-01
-9.510565e-01
-8.763067e-01
-7.705132e-01
-6.374240e-01
-4.817537e-01
-3.090170e-01
-1.253332e-01
6.279052e-02
2.486899e-01
4.257793e-01
5.877853e-01
7.289686e-01
8.443279e-01
9.297765e-01
9.822873e-01
1
9.822873e-01
9.297765e-01
8.443279e-01
7.289686e-01
5.877853e-01
4.257793e-01
2.486899e-01
6.279052e-02
-1.253332e-01
-3.090170e-01
-4.817537e-01
-6.374240e-01
-7.705132e-01
-8.763067e-01
-9.510565e-01
-9.921147e-01
-9.980267e-01
-9.685832e-01
-9.048271e-01
-8.090170e-01
-6.845471e-01
-5.358268e-01
-3.681246e-01
-1.873813e-01
-4.360547e-14
1.873813e-01
3.681246e-01
5.358268e-01
6.845471e-01
8.090170e-01
9.048271e-01
9.685832e-01
9.980267e-01
9.921147e-01
9.510565e-01
8.763067e-01
7.705132e-01
6.374240e-01
4.817537e-01
3.090170e-01
1.253332e-01
-6.279052e-02
-2.486899e-01
-4.257793e-01
-5.877853e-01
-7.289686e-01
-8.443279e-01
-9.297765e-01
-9.822873e-01
-1
9.822873e-01
9.297765e-01
8.443279e-01
7.289686e-01
5.877853e-01
4.257793e-01
2.486899e-01
6.279052e-02
-1.253332e-01
-3.090170e-01
-4.817537e-01
-6.374240e-01
-7.705132e-01
-8.763067e-01
-9.510565e-01
-9.921147e-01
-9.980267e-01
-9.685832e-01
-9.048271e-01
-8.090170e-01
-6.845471e-01
-5.358268e-01
-3.681246e-01
-1.873813e-01
-6.516668e-14
1.873813e-01
3.681246e-01
5.358268e-01
6.845471e-01
8.090170e-01
9.048271e-01
9.685832e-01
9.980267e-01
9.921147e-01
9.510565e-01
8.763067e-01
7.705132e-01
6.374240e-01
4.817537e-01
3.090170e-01
1.253332e-01
-6.279052e-02
-2.486899e-01
-4.257793e-01
-5.877853e-01
-7.289686e-01
-8.443279e-01
-9.297765e-01
-9.822873e-01
-1
-9.822873e-01
-9.297765e-01
-8.443279e-01
-7.289686e-01
-5.877853e-01
-4.257793e-01
-2.486899e-01
-6.279052e-02
1.253332e-01
3.090170e-01
4.817537e-01
6.374240e-01
7.705132e-01
8.763067e-01
9.510565e-01
9.921147e-01
9.980267e-01
9.685832e-01
9.048271e-01
8.090170e-01
6.845471e-01
5.358268e-01
3.681246e-01
1.873813e-01
-1.617834e-14
-1.873813e-01
-3.681246e-01
-5.358268e-01
-6.845471e-01
-8.090170e-01
-9.048271e-01
-9.685832e-01
-9.980267e-01
-9.921147e-01
-9.510565e-01
-8.763067e-01
-7.705132e-01
-6.374240e-01
-4.817537e-01
-3.090170e-01
-1.253332e-01
6.279052e-02
2.486899e-01
4.257793e-01
5.877853e-01
7.289686e-01
8.443279e-01
9.297765e-01
9.822873e-01
1
-9.822873e-01
-9.297765e-01
-8.443279e-01
-7.289686e-01
-5.877853e-01
-4.257793e-01
-2.486899e-01
-6.279052e-02
1.253332e-01
3.090170e-01
4.817537e-01
6.374240e-01
7.705132e-01
8.763067e-01
9.510565e-01
9.921147e-01
9.980267e-01
9.685832e-01
9.048271e-01
8.090170e-01
6.845471e-01
5.358268e-01
3.681246e-01
1.873813e-01
2.694409e-14
-1.873813e-01
-3.681246e-01
-5.358268e-01
-6.845471e-01
-8.090170e-01
-9.048271e-01
-9.685832e-01
-9.980267e-01
-9.921147e-01
-9.510565e-01
-8.763067e-01
-7.705132e-01
-6.374240e-01
-4.817537e-01
-3.090170e-01
-1.253332e-01
6.279052e-02
2.486899e-01
4.257793e-01
5.877853e-01
7.289686e-01
8.443279e-01
9.297765e-01
9.822873e-01
1
9.822873e-01
9.297765e-01
8.443279e-01
7.289686e-01
5.877853e-01
4.257793e-01
2.486899e-01
6.279052e-02
-1.253332e-01
-3.090170e-01
-4.817537e-01
-6.374240e-01
-7.705132e-01
-8.763067e-01
-9.510565e-01
-9.921147e-01
-9.980267e-01
-9.685832e-01
-9.048271e-01
-8.090170e-01
-6.845471e-01
-5.358268e-01
-3.681246e-01
-1.873813e-01
-5.928590e-14
1.873813e-01
3.681246e-01
5.358268e-01
6.845471e-01
8.090170e-01
9.048271e-01
9.685832e-01
9.980267e-01
9.921147e-01
9.510565e-01
8.763067e-01
7.705132e-01
6.374240e-01
4.817537e-01
3.090170e-01
1.253332e-01
-6.279052e-02
-2.486899e-01
-4.257793e-01
-5.877853e-01
-7.289686e-01
-8.443279e-01
-9.297765e-01
-9.822873e-01
-1
-9.822873e-01
-9.297765e-01
-8.443279e-01
-7.289686e-01
-5.877853e-01
-4.257793e-01
-2.486899e-01
-6.279052e-02
1.253332e-01
3.090170e-01
4.817537e-01
6.374240e-01
7.705132e-01
8.763067e-01
9.510565e-01
9.921147e-01
9.980267e-01
9.685832e-01
9.048271e-01
8.090170e-01
6.845471e-01
5.358268e-01
3.681246e-01
1.873813e-01
-2.205912e-14
-1.873813e-01
-3.681246e-01
-5.358268e-01
-6.845471e-01
-8.090170e-01
-9.048271e-01
-9.685832e-01
-9.980267e-01
-9.921147e-01
-9.510565e-01
-8.763067e-01
-7.705132e-01
-6.374240e-01
-4.817537e-01
-3.090170e-01
-1.253332e-01
6.279052e-02
2.486899e-01
4.257793e-01
5.877853e-01
7.289686e-01
8.443279e-01
9.297765e-01
9.822873e-01
1
9.822873e-01
9.297765e-01
8.443279e-01
7.289686e-01
5.877853e-01
4.257793e-01
2.486899e-01
6.279052e-02
-1.253332e-01
-3.090170e-01
-4.817537e-01
-6.374240e-01
-7.705132e-01
-8.763067e-01
-9.510565e-01
-9.921147e-01
-9.980267e-01
-9.685832e-01
-9.048271e-01
-8.090170e-01
-6.845471e-01
-5.358268e-01
-3.681246e-01
-1.873813e-01
-1.028270e-14
1.873813e-01
3.681246e-01
5.358268e-01
6.845471e-01
8.090170e-01
9.048271e-01
9.685832e-01
9.980267e-01
9.921147e-01
9.510565e-01
8.763067e-01
7.705132e-01
6.374240e-01
4.817537e-01
3.090170e-01
1.253332e-01
-6.279052e-02
-2.486899e-01
-4.257793e-01
-5.877853e-01
-7.289686e-01
-8.443279e-01
-9.297765e-01
-9.822873e-01
-1
-9.822873e-01
-9.297765e-01
-8.443279e-01
-7.289686e-01
-5.877853e-01
-4.257793e-01
-2.486899e-01
-6.279052e-02
1.253332e-01
3.090170e-01
4.817537e-01
6.374240e-01
7.705132e-01
8.763067e-01
9.510565e-01
9.921147e-01
9.980267e-01
9.685832e-01
9.048271e-01
8.090170e-01
6.845471e-01
5.358268e-01
3.681246e-01
1.873813e-01
4.262452e-14
-1.873813e-01
-3.681246e-01
-5.358268e-01
-6.845471e-01
-8.090170e-01
-9.048271e-01
-9.685832e-01
-9.980267e-01
-9.921147e-01
-9.510565e-01
-8.763067e-01
-7.705132e-01
-6.374240e-01
-4.817537e-01
-3.090170e-01
-1.253332e-01
6.279052e-02
2.486899e-01
4.257793e-01
5.877853e-01
7.289686e-01
8.443279e-01
9.297765e-01
9.822873e-01
1
9.822873e-01
9.297765e-01
8.443279e-01
7.289686e-01
5.877853e-01
4.257793e-01
2.486899e-01
6.279052e-02
-1.253332e-01
-3.090170e-01
-4.817537e-01
-6.374240e-01
-7.705132e-01
-8.763067e-01
-9.510565e-01
-9.921147e-01
-9.980267e-01
-9.685832e-01
-9.048271e-01
-8.090170e-01
-6.845471e-01
-5.358268e-01
-3.681246e-01
-1.873813e-01
-7.496633e-14
1.873813e-01
3.681246e-01
5.358268e-01
6.845471e-01
8.090170e-01
9.048271e-01
9.685832e-01
9.980267e-01
9.921147e-01
9.510565e-01
8.763067e-01
7.705132e-01
6.374240e-01
4.817537e-01
3.090170e-01
1.253332e-01
-6.279052e-02
-2.486899e-01
-4.257793e-01
-5.877853e-01
-7.289686e-01
-8.443279e-01
-9.297765e-01
-9.822873e-01
-1
9.822873e-01
9.297765e-01
8.443279e-01
7.289686e-01
5.877853e-01
4.257793e-01
2.486899e-01
6.279052e-02
-1.253332e-01
-3.090170e-01
-4.817537e-01
-6.374240e-01
-7.705132e-01
-8.763067e-01
-9.510565e-01
-9.921147e-01
-9.980267e-01
-9.685832e-01
-9.048271e-01
-8.090170e-01
-6.845471e-01
-5.358268e-01
-3.681246e-01
-1.873813e-01
1.715929e-14
1.873813e-01
3.681246e-01
5.358268e-01
6.845471e-01
8.090170e-01
9.048271e-01
9.685832e-01
9.980267e-01
9.921147e-01
9.510565e-01
8.763067e-01
7.705132e-01
6.374240e-01
4.817537e-01
3.090170e-01
1.253332e-01
-6.279052e-02
-2.486899e-01
-4.257793e-01
-5.877853e-01
-7.289686e-01
-8.443279e-01
-9.297765e-01
-9.822873e-01
-1
-9.822873e-01
-9.297765e-01
-8.443279e-01
-7.289686e-01
-5.877853e-01
-4.257793e-01
-2.486899e-01
-6.279052e-02
1.253332e-01
3.090170e-01
4.817537e-01
6.374240e-01
7.705132e-01
8.763067e-01
9.510565e-01
9.921147e-01
9.980267e-01
9.685832e-01
9.048271e-01
8.090170e-01
6.845471e-01
5.358268e-01
3.681246e-01
1.873813e-01
1.518253e-14
-1.873813e-01
-3.681246e-01
-5.358268e-01
-6.845471e-01
-8.090170e-01
-9.048271e-01
-9.685832e-01
-9.980267e-01
-9.921147e-01
-9.510565e-01
-8.763067e-01
-7.705132e-01
-6.374240e-01
-4.817537e-01
-3.090170e-01
-1.253332e-01
6.279052e-02
2.486899e-01
4.257793e-01
5.877853e-01
7.289686e-01
8.443279e-01
9.297765e-01
9.822873e-01
1
9.822873e-01
9.297765e-01
8.443279e-01
7.289686e-01
5.877853e-01
4.257793e-01
2.486899e-01
6.279052e-02
-1.253332e-01
-3.090170e-01
-4.817537e-01
-6.374240e-01
-7.705132e-01
-8.763067e-01
-9.510565e-01
-9.921147e-01
-9.980267e-01
-9.685832e-01
-9.048271e-01
-8.090170e-01
-6.845471e-01
-5.358268e-01
-3.681246e-01
-1.873813e-01
-4.752434e-14
1.873813e-01
3.681246e-01
5.358268e-01
6.845471e-01
8.090170e-01
9.048271e-01
9.685832e-01
9.980267e-01
9.921147e-01
9.510565e-01
8.763067e-01
7.705132e-01
6.374240e-01
4.817537e-01
3.090170e-01
1.253332e-01
-6.279052e-02
-2.486899e-01
-4.257793e-01
-5.877853e-01
-7.289686e-01
-8.443279e-01
-9.297765e-01
-9.822873e-01
-1
-9.822873e-01
-9.297765e-01
-8.443279e-01
-7.289686e-01
-5.877853e-01
-4.257793e-01
-2.486899e-01
-6.279052e-02
1.253332e-01
3.090170e-01
4.817537e-01
6.374240e-01
7.705132e-01
8.763067e-01
9.510565e-01
9.921147e-01
9.980267e-01
9.685832e-01
9.048271e-01
8.090170e-01
6.845471e-01
5.358268e-01
3.681246e-01
1.873813e-01
7.986616e-14
-1.873813e-01
-3.681246e-01
-5.358268e-01
-6.845471e-01
-8.090170e-01
-9.048271e-01
-9.685832e-01
-9.980267e-01
-9.921147e-01
-9.510565e-01
-8.763067e-01
-7.705132e-01
-6.374240e-01
-4.817537e-01
-3.090170e-01
-1.253332e-01
6.279052e-02
2.486899e-01
4.257793e-01
5.877853e-01
7.289686e-01
8.443279e-01
9.297765e-01
9.822873e-01
1
9.822873e-01
9.297765e-01
8.443279e-01
7.289686e-01
5.877853e-01
4.257793e-01
2.486899e-01
6.279052e-02
-1.253332e-01
-3.090170e-01
-4.817537e-01
-6.374240e-01
-7.705132e-01
-8.763067e-01
-9.510565e-01
-9.921147e-01
-9.980267e-01
-9.685832e-01
-9.048271e-01
-8.090170e-01
-6.845471e-01
-5.358268e-01
-3.681246e-01
-1.873813e-01
1.478861e-15
1.873813e-01
3.681246e-01
5.358268e-01
6.845471e-01
8.090170e-01
9.048271e-01
9.685832e-01
9.980267e-01
9.921147e-01
9.510565e-01
8.763067e-01
7.705132e-01
6.374240e-01
4.817537e-01
3.090170e-01
1.253332e-01
-6.279052e-02
-2.486899e-01
-4.257793e-01
-5.877853e-01
-7.289686e-01
-8.443279e-01
-9.297765e-01
-9.822873e-01
-1
-9.822873e-01
-9.297765e-01
-8.443279e-01
-7.289686e-01
-5.877853e-01
-4.257793e-01
-2.486899e-01
-6.279052e-02
1.253332e-01
3.090170e-01
4.817537e-01
6.374240e-01
7.705132e-01
8.763067e-01
9.510565e-01
9.921147e-01
9.980267e-01
9.685832e-01
9.048271e-01
8.090170e-01
6.845471e-01
5.358268e-01
3.681246e-01
1.873813e-01
3.086296e-14
-1.873813e-01
-3.681246e-01
-5.358268e-01
-6.845471e-01
-8.090170e-01
-9.048271e-01
-9.685832e-01
-9.980267e-01
-9.921147e-01
-9.510565e-01
-8.763067e-01
-7.705132e-01
-6.374240e-01
-4.817537e-01
-3.090170e-01
-1.253332e-01
6.279052e-02
2.486899e-01
4.257793e-01
5.877853e-01
7.289686e-01
8.443279e-01
9.297765e-01
9.822873e-01
1
-9.822873e-01
-9.297765e-01
-8.443279e-01
-7.289686e-01
-5.877853e-01
-4.257793e-01
-2.486899e-01
-6.279052e-02
1.253332e-01
3.090170e-01
4.817537e-01
6.374240e-01
7.705132e-01
8.763067e-01
9.510565e-01
9.921147e-01
9.980267e-01
9.685832e-01
9.048271e-01
8.090170e-01
6.845471e-01
5.358268e-01
3.681246e-01
1.873813e-01
7.398538e-14
-1.873813e-01
-3.681246e-01
-5.358268e-01
-6.845471e-01
-8.090170e-01
-9.048271e-01
-9.685832e-01
-9.980267e-01
-9.921147e-01
-9.510565e-01
-8.763067e-01
-7.705132e-01
-6.374240e-01
-4.817537e-01
-3.090170e-01
-1.253332e-01
6.279052e-02
2.486899e-01
4.257793e-01
5.877853e-01
7.289686e-01
8.443279e-01
9.297765e-01
9.822873e-01
1
9.822873e-01
9.297765e-01
8.443279e-01
7.289686e-01
5.877853e-01
4.257793e-01
2.486899e-01
6.279052e-02
-1.253332e-01
-3.090170e-01
-4.817537e-01
-6.374240e-01
-7.705132e-01
-8.763067e-01
-9.510565e-01
-9.921147e-01
-9.980267e-01
-9.685832e-01
-9.048271e-01
-8.090170e-01
-6.845471e-01
-5.358268e-01
-3.681246e-01
-1.873813e-01
7.359641e-15
1.873813e-01
3.681246e-01
5.358268e-01
6.845471e-01
8.090170e-01
9.048271e-01
9.685832e-01
9.980267e-01
9.921147e-01
9.510565e-01
8.763067e-01
7.705132e-01
6.374240e-01
4.817537e-01
3.090170e-01
1.253332e-01
-6.279052e-02
-2.486899e-01
-4.257793e-01
-5.877853e-01
-7.289686e-01
-8.443279e-01
-9.297765e-01
-9.822873e-01
-1
-9.822873e-01
-9.297765e-01
-8.443279e-01
-7.289686e-01
-5.877853e-01
-4.257793e-01
-2.486899e-01
-6.279052e-02
1.253332e-01
3.090170e-01
4.817537e-01
6.374240e-01
7.705132e-01
8.763067e-01
9.510565e-01
9.921147e-01
9.980267e-01
9.685832e-01
9.048271e-01
8.090170e-01
6.845471e-01
5.358268e-01
3.681246e-01
1.873813e-01
2.498218e-14
-1.873813e-01
-3.681246e-01
-5.358268e-01
-6.845471e-01
-8.090170e-01
-9.048271e-01
-9.685832e-01
-9.980267e-01
-9.921147e-01
-9.510565e-01
-8.763067e-01
-7.705132e-01
-6.374240e-01
-4.817537e-01
-3.090170e-01
-1.253332e-01
6.279052e-02
2.486899e-01
4.257793e-01
5.877853e-01
7.289686e-01
8.443279e-01
9.297765e-01
9.822873e-01
1
9.822873e-01
9.297765e-01
8.443279e-01
7.289686e-01
5.877853e-01
4.257793e-01
2.486899e-01
6.279052e-02
-1.253332e-01
-3.090170e-01
-4.817537e-01
-6.374240e-01
-7.705132e-01
-8.763067e-01
-9.510565e-01
-9.921147e-01
-9.980267e-01
-9.685832e-01
-9.048271e-01
-8.090170e-01
-6.845471e-01
-5.358268e-01
-3.681246e-01
-1.873813e-01
-5.732399e-14
1.873813e-01
3.681246e-01
5.358268e-01
6.845471e-01
8.090170e-01
9.048271e-01
9.685832e-01
9.980267e-01
9.921147e-01
9.510565e-01
8.763067e-01
7.705132e-01
6.374240e-01
4.817537e-01
3.090170e-01
1.253332e-01
-6.279052e-02
-2.486899e-01
-4.257793e-01
-5.877853e-01
-7.289686e-01
-8.443279e-01
-9.297765e-01
-9.822873e-01
-1
9.822873e-01
9.297765e-01
8.443279e-01
7.289686e-01
5.877853e-01
4.257793e-01
2.486899e-01
6.279052e-02
-1.253332e-01
-3.090170e-01
-4.817537e-01
-6.374240e-01
-7.705132e-01
-8.763067e-01
-9.510565e-01
-9.921147e-01
-9.980267e-01
-9.685832e-01
-9.048271e-01
-8.090170e-01
-6.845471e-01
-5.358268e-01
-3.681246e-01
-1.873813e-01
-7.888520e-14
1.873813e-01
3.681246e-01
5.358268e-01
6.845471e-01
8.090170e-01
9.048271e-01
9.685832e-01
9.980267e-01
9.921147e-01
9.510565e-01
8.763067e-01
7.705132e-01
6.374240e-01
4.817537e-01
3.090170e-01
1.253332e-01
-6.279052e-02
-2.486899e-01
-4.257793e-01
-5.877853e-01
-7.289686e-01
-8.443279e-01
-9.297765e-01
-9.822873e-01
-1
-9.822873e-01
-9.297765e-01
-8.443279e-01
-7.289686e-01
-5.877853e-01
-4.257793e-01
-2.486899e-01
-6.279052e-02
1.253332e-01
3.090170e-01
4.817537e-01
6.374240e-01
7.705132e-01
8.763067e-01
9.510565e-01
9.921147e-01
9.980267e-01
9.685832e-01
9.048271e-01
8.090170e-01
6.845471e-01
5.358268e-01
3.681246e-01
1.873813e-01
-2.459816e-15
-1.873813e-01
-3.681246e-01
-5.358268e-01
-6.845471e-01
-8.090170e-01
-9.048271e-01
-9.685832e-01
-9.980267e-01
-9.921147e-01
-9.510565e-01
-8.763067e-01
-7.705132e-01
-6.374240e-01
-4.817537e-01
-3.090170e-01
-1.253332e-01
6.279052e-02
2.486899e-01
4.257793e-01
5.877853e-01
7.289686e-01
8.443279e-01
9.297765e-01
9.822873e-01
1
9.822873e-01
9.297765e-01
8.443279e-01
7.289686e-01
5.877853e-01
4.257793e-01
2.486899e-01
6.279052e-02
-1.253332e-01
-3.090170e-01
-4.817537e-01
-6.374240e-01
-7.705132e-01
-8.763067e-01
-9.510565e-01
-9.921147e-01
-9.980267e-01
-9.685832e-01
-9.048271e-01
-8.090170e-01
-6.845471e-01
-5.358268e-01
-3.681246e-01
-1.873813e-01
-2.988200e-14
1.873813e-01
3.681246e-01
5.358268e-01
6.845471e-01
8.090170e-01
9.048271e-01
9.685832e-01
9.980267e-01
9.921147e-01
9.510565e-01
8.763067e-01
7.705132e-01
6.374240e-01
4.817537e-01
3.090170e-01
1.253332e-01
-6.279052e-02
-2.486899e-01
-4.257793e-01
-5.877853e-01
-7.289686e-01
-8.443279e-01
-9.297765e-01
-9.822873e-01
-1
-9.822873e-01
-9.297765e-01
-8.443279e-01
-7.289686e-01
-5.877853e-01
-4.257793e-01
-2.486899e-01
-6.279052e-02
1.253332e-01
3.090170e-01
4.817537e-01
6.374240e-01
7.705132e-01
8.763067e-01
9.510565e-01
9.921147e-01
9.980267e-01
9.685832e-01
9.048271e-01
8.090170e-01
6.845471e-01
5.358268e-01
3.681246e-01
1.873813e-01
6.222382e-14
-1.873813e-01
-3.681246e-01
-5.358268e-01
-6.845471e-01
-8.090170e-01
-9.048271e-01
-9.685832e-01
-9.980267e-01
-9.921147e-01
-9.510565e-01
-8.763067e-01
-7.705132e-01
-6.374240e-01
-4.817537e-01
-3.090170e-01
-1.253332e-01
6.279052e-02
2.486899e-01
4.257793e-01
5.877853e-01
7.289686e-01
8.443279e-01
9.297765e-01
9.822873e-01
1
-9.822873e-01
-9.297765e-01
-8.443279e-01
-7.289686e-01
-5.877853e-01
-4.257793e-01
-2.486899e-01
-6.279052e-02
1.253332e-01
3.090170e-01
4.817537e-01
6.374240e-01
7.705132e-01
8.763067e-01
9.510565e-01
9.921147e-01
9.980267e-01
9.685832e-01
9.048271e-01
8.090170e-01
6.845471e-01
5.358268e-01
3.681246e-01
1.873813e-01
-8.340597e-15
-1.873813e-01
-3.681246e-01
-5.358268e-01
-6.845471e-01
-8.090170e-01
-9.048271e-01
-9.685832e-01
-9.980267e-01
-9.921147e-01
-9.510565e-01
-8.763067e-01
-7.705132e-01
-6.374240e-01
-4.817537e-01
-3.090170e-01
-1.253332e-01
6.279052e-02
2.486899e-01
4.257793e-01
5.877853e-01
7.289686e-01
8.443279e-01
9.297765e-01
9.822873e-01
1
9.822873e-01
9.297765e-01
8.443279e-01
7.289686e-01
5.877853e-01
4.257793e-01
2.486899e-01
6.279052e-02
-1.253332e-01
-3.090170e-01
-4.817537e-01
-6.374240e-01
-7.705132e-01
-8.763067e-01
-9.510565e-01
-9.921147e-01
-9.980267e-01
-9.685832e-01
-9.048271e-01
-8.090170e-01
-6.845471e-01
-5.358268e-01
-3.681246e-01
-1.873813e-01
-2.400122e-14
1.873813e-01
3.681246e-01
5.358268e-01
6.845471e-01
8.090170e-01
9.048271e-01
9.685832e-01
9.980267e-01
9.921147e-01
9.510565e-01
8.763067e-01
7.705132e-01
6.374240e-01
4.817537e-01
3.090170e-01
1.253332e-01
-6.279052e-02
-2.486899e-01
-4.257793e-01
-5.877853e-01
-7.289686e-01
-8.443279e-01
-9.297765e-01
-9.822873e-01
-1
9.822873e-01
9.297765e-01
8.443279e-01
7.289686e-01
5.877853e-01
4.257793e-01
2.486899e-01
6.279052e-02
-1.253332e-01
-3.090170e-01
-4.817537e-01
-6.374240e-01
-7.705132e-01
-8.763067e-01
-9.510565e-01
-9.921147e-01
-9.980267e-01
-9.685832e-01
-9.048271e-01
-8.090170e-01
-6.845471e-01
-5.358268e-01
-3.681246e-01
-1.873813e-01
-4.556243e-14
1.873813e-01
3.681246e-01
5.358268e-01
6.845471e-01
8.090170e-01
9.048271e-01
9.685832e-01
9.980267e-01
9.921147e-01
9.510565e-01
8.763067e-01
7.705132e-01
6.374240e-01
4.817537e-01
3.090170e-01
1.253332e-01
-6.279052e-02
-2.486899e-01
-4.257793e-01
-5.877853e-01
-7.289686e-01
-8.443279e-01
-9.297765e-01
-9.822873e-01
-1
-9.822873e-01
-9.297765e-01
-8.443279e-01
-7.289686e-01
-5.877853e-01
-4.257793e-01
-2.486899e-01
-6.279052e-02
1.253332e-01
3.090170e-01
4.817537e-01
6.374240e-01
7.705132e-01
8.763067e-01
9.510565e-01
9.921147e-01
9.980267e-01
9.685832e-01
9.048271e-01
8.090170e-01
6.845471e-01
5.358268e-01
3.681246e-01
1.873813e-01
7.790425e-14
-1.873813e-01
-3.681246e-01
-5.358268e-01
-6.845471e-01
-8.090170e-01
-9.048271e-01
-9.685832e-01
-9.980267e-01
-9.921147e-01
-9.510565e-01
-8.763067e-01
-7.705132e-01
-6.374240e-01
-4.817537e-01
-3.090170e-01
-1.253332e-01
6.279052e-02
2.486899e-01
4.257793e-01
5.877853e-01
7.289686e-01
8.443279e-01
9.297765e-01
9.822873e-01
1
9.822873e-01
9.297765e-01
8.443279e-01
7.289686e-01
5.877853e-01
4.257793e-01
2.486899e-01
6.279052e-02
-1.253332e-01
-3.090170e-01
-4.817537e-01
-6.374240e-01
-7.705132e-01
-8.763067e-01
-9.510565e-01
-9.921147e-01
-9.980267e-01
-9.685832e-01
-9.048271e-01
-8.090170e-01
-6.845471e-01
-5.358268e-01
-3.681246e-01
-1.873813e-01
3.440772e-15
1.873813e-01
3.681246e-01
5.358268e-01
6.845471e-01
8.090170e-01
9.048271e-01
9.685832e-01
9.980267e-01
9.921147e-01
9.510565e-01
8.763067e-01
7.705132e-01
6.374240e-01
4.817537e-01
3.090170e-01
1.253332e-01
-6.279052e-02
-2.486899e-01
-4.257793e-01
-5.877853e-01
-7.289686e-01
-8.443279e-01
-9.297765e-01
-9.822873e-01
-1
-9.822873e-01
-9.297765e-01
-8.443279e-01
-7.289686e-01
-5.877853e-01
-4.257793e-01
-2.486899e-01
-6.279052e-02
1.253332e-01
3.090170e-01
4.817537e-01
6.374240e-01
7.705132e-01
8.763067e-01
9.510565e-01
9.921147e-01
9.980267e-01
9.685832e-01
9.048271e-01
8.090170e-01
6.845471e-01
5.358268e-01
3.681246e-01
1.873813e-01
2.890105e-14
-1.873813e-01
-3.681246e-01
-5.358268e-01
-6.845471e-01
-8.090170e-01
-9.048271e-01
-9.685832e-01
-9.980267e-01
-9.921147e-01
-9.510565e-01
-8.763067e-01
-7.705132e-01
-6.374240e-01
-4.817537e-01
-3.090170e-01
-1.253332e-01
6.279052e-02
2.486899e-01
4.257793e-01
5.877853e-01
7.289686e-01
8.443279e-01
9.297765e-01
9.822873e-01
1
-9.822873e-01
-9.297765e-01
-8.443279e-01
-7.289686e-01
-5.877853e-01
-4.257793e-01
-2.486899e-01
-6.279052e-02
1.253332e-01
3.090170e-01
4.817537e-01
6.374240e-01
7.705132e-01
8.763067e-01
9.510565e-01
9.921147e-01
9.980267e-01
9.685832e-01
9.048271e-01
8.090170e-01
6.845471e-01
5.358268e-01
3.681246e-01
1.873813e-01
7.202347e-14
-1.873813e-01
-3.681246e-01
-5.358268e-01
-6.845471e-01
-8.090170e-01
-9.048271e-01
-9.685832e-01
-9.980267e-01
-9.921147e-01
-9.510565e-01
-8.763067e-01
-7.705132e-01
-6.374240e-01
-4.817537e-01
-3.090170e-01
-1.253332e-01
6.279052e-02
2.486899e-01
4.257793e-01
5.877853e-01
7.289686e-01
8.443279e-01
9.297765e-01
9.822873e-01
1
9.822873e-01
9.297765e-01
8.443279e-01
7.289686e-01
5.877853e-01
4.257793e-01
2.486899e-01
6.279052e-02
-1.253332e-01
-3.090170e-01
-4.817537e-01
-6.374240e-01
-7.705132e-01
-8.763067e-01
-9.510565e-01
-9.921147e-01
-9.980267e-01
-9.685832e-01
-9.048271e-01
-8.090170e-01
-6.845471e-01
-5.358268e-01
-3.681246e-01
-1.873813e-01
9.321552e-15
1.873813e-01
3.681246e-01
5.358268e-01
6.845471e-01
8.090170e-01
9.048271e-01
9.685832e-01
9.980267e-01
9.921147e-01
9.510565e-01
8.763067e-01
7.705132e-01
6.374240e-01
4.817537e-01
3.090170e-01
1.253332e-01
-6.279052e-02
-2.486899e-01
-4.257793e-01
-5.877853e-01
-7.289686e-01
-8.443279e-01
-9.297765e-01
-9.822873e-01
-1
-9.822873e-01
-9.297765e-01
-8.443279e-01
-7.289686e-01
-5.877853e-01
-4.257793e-01
-2.486899e-01
-6.279052e-02
1.253332e-01
3.090170e-01
4.817537e-01
6.374240e-01
7.705132e-01
8.763067e-01
9.510565e-01
9.921147e-01
9.980267e-01
9.685832e-01
9.048271e-01
8.090170e-01
6.845471e-01
5.358268e-01
3.681246e-01
1.873813e-01
2.302026e-14
-1.873813e-01
-3.681246e-01
-5.358268e-01
-6.845471e-01
-8.090170e-01
-9.048271e-01
-9.685832e-01
-9.980267e-01
-9.921147e-01
-9.510565e-01
-8.763067e-01
-7.705132e-01
-6.374240e-01
-4.817537e-01
-3.090170e-01
-1.253332e-01
6.279052e-02
2.486899e-01
4.257793e-01
5.877853e-01
7.289686e-01
8.443279e-01
9.297765e-01
9.822873e-01
1
9.822873e-01
9.297765e-01
8.443279e-01
7.289686e-01
5.877853e-01
4.257793e-01
2.486899e-01
6.279052e-02
-1.253332e-01
-3.090170e-01
-4.817537e-01
-6.374240e-01
-7.705132e-01
-8.763067e-01
-9.510565e-01
-9.921147e-01
-9.980267e-01
-9.685832e-01
-9.048271e-01
-8.090170e-01
-6.845471e-01
-5.358268e-01
-3.681246e-01
-1.873813e-01
-5.536208e-14
1.873813e-01
3.681246e-01
5.358268e-01
6.845471e-01
8.090170e-01
9.048271e-01
9.685832e-01
9.980267e-01
9.921147e-01
9.510565e-01
8.763067e-01
7.705132e-01
6.374240e-01
4.817537e-01
3.090170e-01
1.253332e-01
-6.279052e-02
-2.486899e-01
-4.257793e-01
-5.877853e-01
-7.289686e-01
-8.443279e-01
-9.297765e-01
-9.822873e-01
-1
-9.822873e-01
-9.297765e-01
-8.443279e-01
-7.289686e-01
-5.877853e-01
-4.257793e-01
-2.486899e-01
-6.279052e-02
1.253332e-01
3.090170e-01
4.817537e-01
6.374240e-01
7.705132e-01
8.763067e-01
9.510565e-01
9.921147e-01
9.980267e-01
9.685832e-01
9.048271e-01
8.090170e-01
6.845471e-01
5.358268e-01
3.681246e-01
1.873813e-01
8.770390e-14
-1.873813e-01
-3.681246e-01
-5.358268e-01
-6.845471e-01
-8.090170e-01
-9.048271e-01
-9.685832e-01
-9.980267e-01
-9.921147e-01
-9.510565e-01
-8.763067e-01
-7.705132e-01
-6.374240e-01
-4.817537e-01
-3.090170e-01
-1.253332e-01
6.279052e-02
2.486899e-01
4.257793e-01
5.877853e-01
7.289686e-01
8.443279e-01
9.297765e-01
9.822873e-01
1
9.822873e-01
9.297765e-01
8.443279e-01
7.289686e-01
5.877853e-01
4.257793e-01
2.486899e-01
6.279052e-02
-1.253332e-01
-3.090170e-01
-4.817537e-01
-6.374240e-01
-7.705132e-01
-8.763067e-01
-9.510565e-01
-9.921147e-01
-9.980267e-01
-9.685832e-01
-9.048271e-01
-8.090170e-01
-6.845471e-01
-5.358268e-01
-3.681246e-01
-1.873813e-01
-6.358879e-15
1.873813e-01
3.681246e-01
5.358268e-01
6.845471e-01
8.090170e-01
9.048271e-01
9.685832e-01
9.980267e-01
9.921147e-01
9.510565e-01
8.763067e-01
7.705132e-01
6.374240e-01
4.817537e-01
3.090170e-01
1.253332e-01
-6.279052e-02
-2.486899e-01
-4.257793e-01
-5.877853e-01
-7.289686e-01
-8.443279e-01
-9.297765e-01
-9.822873e-01
-1
9.822873e-01
9.297765e-01
8.443279e-01
7.289686e-01
5.877853e-01
4.257793e-01
2.486899e-01
6.279052e-02
-1.253332e-01
-3.090170e-01
-4.817537e-01
-6.374240e-01
-7.705132e-01
-8.763067e-01
-9.510565e-01
-9.921147e-01
-9.980267e-01
-9.685832e-01
-9.048271e-01
-8.090170e-01
-6.845471e-01
-5.358268e-01
-3.681246e-01
-1.873813e-01
-2.792009e-14
1.873813e-01
3.681246e-01
5.358268e-01
6.845471e-01
8.090170e-01
9.048271e-01
9.685832e-01
9.980267e-01
9.921147e-01
9.510565e-01
8.763067e-01
7.705132e-01
6.374240e-01
4.817537e-01
3.090170e-01
1.253332e-01
-6.279052e-02
-2.486899e-01
-4.257793e-01
-5.877853e-01
-7.289686e-01
-8.443279e-01
-9.297765e-01
-9.822873e-01
-1
-9.822873e-01
-9.297765e-01
-8.443279e-01
-7.289686e-01
-5.877853e-01
-4.257793e-01
-2.486899e-01
-6.279052e-02
1.253332e-01
3.090170e-01
4.817537e-01
6.374240e-01
7.705132e-01
8.763067e-01
9.510565e-01
9.921147e-01
9.980267e-01
9.685832e-01
9.048271e-01
8.090170e-01
6.845471e-01
5.358268e-01
3.681246e-01
1.873813e-01
6.026191e-14
-1.873813e-01
-3.681246e-01
-5.358268e-01
-6.845471e-01
-8.090170e-01
-9.048271e-01
-9.685832e-01
-9.980267e-01
-9.921147e-01
-9.510565e-01
-8.763067e-01
-7.705132e-01
-6.374240e-01
-4.817537e-01
-3.090170e-01
-1.253332e-01
6.279052e-02
2.486899e-01
4.257793e-01
5.877853e-01
7.289686e-01
8.443279e-01
9.297765e-01
9.822873e-01
1
-9.822873e-01
-9.297765e-01
-8.443279e-01
-7.289686e-01
-5.877853e-01
-4.257793e-01
-2.486899e-01
-6.279052e-02
1.253332e-01
3.090170e-01
4.817537e-01
6.374240e-01
7.705132e-01
8.763067e-01
9.510565e-01
9.921147e-01
9.980267e-01
9.685832e-01
9.048271e-01
8.090170e-01
6.845471e-01
5.358268e-01
3.681246e-01
1.873813e-01
-1.030251e-14
-1.873813e-01
-3.681246e-01
-5.358268e-01
-6.845471e-01
-8.090170e-01
-9.048271e-01
-9.685832e-01
-9.980267e-01
-9.921147e-01
-9.510565e-01
-8.763067e-01
-7.705132e-01
-6.374240e-01
-4.817537e-01
-3.090170e-01
-1.253332e-01
6.279052e-02
2.486899e-01
4.257793e-01
5.877853e-01
7.289686e-01
8.443279e-01
9.297765e-01
9.822873e-01
1
9.822873e-01
9.297765e-01
8.443279e-01
7.289686e-01
5.877853e-01
4.257793e-01
2.486899e-01
6.279052e-02
-1.253332e-01
-3.090170e-01
-4.817537e-01
-6.374240e-01
-7.705132e-01
-8.763067e-01
-9.510565e-01
-9.921147e-01
-9.980267e-01
-9.685832e-01
-9.048271e-01
-8.090170e-01
-6.845471e-01
-5.358268e-01
-3.681246e-01
-1.873813e-01
-2.203931e-14
1.873813e-01
3.681246e-01
5.358268e-01
6.845471e-01
8.090170e-01
9.048271e-01
9.685832e-01
9.980267e-01
9.921147e-01
9.510565e-01
8.763067e-01
7.705132e-01
6.374240e-01
4.817537e-01
3.090170e-01
1.253332e-01
-6.279052e-02
-2.486899e-01
-4.257793e-01
-5.877853e-01
-7.289686e-01
-8.443279e-01
-9.297765e-01
-9.822873e-01
-1
9.822873e-01
9.297765e-01
8.443279e-01
7.289686e-01
5.877853e-01
4.257793e-01
2.486899e-01
6.279052e-02
-1.253332e-01
-3.090170e-01
-4.817537e-01
-6.374240e-01
-7.705132e-01
-8.763067e-01
-9.510565e-01
-9.921147e-01
-9.980267e-01
-9.685832e-01
-9.048271e-01
-8.090170e-01
-6.845471e-01
-5.358268e-01
-3.681246e-01
-1.873813e-01
-4.360052e-14
1.873813e-01
3.681246e-01
5.358268e-01
6.845471e-01
8.090170e-01
9.048271e-01
9.685832e-01
9.980267e-01
9.921147e-01
9.510565e-01
8.763067e-01
7.705132e-01
6.374240e-01
4.817537e-01
3.090170e-01
1.253332e-01
-6.279052e-02
-2.486899e-01
-4.257793e-01
-5.877853e-01
-7.289686e-01
-8.443279e-01
-9.297765e-01
-9.822873e-01
-1
-9.822873e-01
-9.297765e-01
-8.443279e-01
-7.289686e-01
-5.877853e-01
-4.257793e-01
-2.486899e-01
-6.279052e-02
1.253332e-01
3.090170e-01
4.817537e-01
6.374240e-01
7.705132e-01
8.763067e-01
9.510565e-01
9.921147e-01
9.980267e-01
9.685832e-01
9.048271e-01
8.090170e-01
6.845471e-01
5.358268e-01
3.681246e-01
1.873813e-01
7.594234e-14
-1.873813e-01
-3.681246e-01
-5.358268e-01
-6.845471e-01
-8.090170e-01
-9.048271e-01
-9.685832e-01
-9.980267e-01
-9.921147e-01
-9.510565e-01
-8.763067e-01
-7.705132e-01
-6.374240e-01
-4.817537e-01
-3.090170e-01
-1.253332e-01
6.279052e-02
2.486899e-01
4.257793e-01
5.877853e-01
7.289686e-01
8.443279e-01
9.297765e-01
9.822873e-01
1
9.822873e-01
9.297765e-01
8.443279e-01
7.289686e-01
5.877853e-01
4.257793e-01
2.486899e-01
6.279052e-02
-1.253332e-01
-3.090170e-01
-4.817537e-01
-6.374240e-01
-7.705132e-01
-8.763067e-01
-9.510565e-01
-9.921147e-01
-9.980267e-01
-9.685832e-01
-9.048271e-01
-8.090170e-01
-6.845471e-01
-5.358268e-01
-3.681246e-01
-1.873813e-01
5.402682e-15
1.873813e-01
3.681246e-01
5.358268e-01
6.845471e-01
8.090170e-01
9.048271e-01
9.685832e-01
9.980267e-01
9.921147e-01
9.510565e-01
8.763067e-01
7.705132e-01
6.374240e-01
4.817537e-01
3.090170e-01
1.253332e-01
-6.279052e-02
-2.486899e-01
-4.257793e-01
-5.877853e-01
-7.289686e-01
-8.443279e-01
-9.297765e-01
-9.822873e-01
-1
-9.822873e-01
-9.297765e-01
-8.443279e-01
-7.289686e-01
-5.877853e-01
-4.257793e-01
-2.486899e-01
-6.279052e-02
1.253332e-01
3.090170e-01
4.817537e-01
6.374240e-01
7.705132e-01
8.763067e-01
9.510565e-01
9.921147e-01
9.980267e-01
9.685832e-01
9.048271e-01
8.090170e-01
6.845471e-01
5.358268e-01
3.681246e-01
1.873813e-01
2.693913e-14
-1.873813e-01
-3.681246e-01
-5.358268e-01
-6.845471e-01
-8.090170e-01
-9.048271e-01
-9.685832e-01
-9.980267e-01
-9.921147e-01
-9.510565e-01
-8.763067e-01
-7.705132e-01
-6.374240e-01
-4.817537e-01
-3.090170e-01
-1.253332e-01
6.279052e-02
2.486899e-01
4.257793e-01
5.877853e-01
7.289686e-01
8.443279e-01
9.297765e-01
9.822873e-01
1
9.822873e-01
9.297765e-01
8.443279e-01
7.289686e-01
5.877853e-01
4.257793e-01
2.486899e-01
6.279052e-02
-1.253332e-01
-3.090170e-01
-4.817537e-01
-6.374240e-01
-7.705132e-01
-8.763067e-01
-9.510565e-01
-9.921147e-01
-9.980267e-01
-9.685832e-01
-9.048271e-01
-8.090170e-01
-6.845471e-01
-5.358268e-01
-3.681246e-01
-1.873813e-01
-5.928095e-14
1.873813e-01
3.681246e-01
5.358268e-01
6.845471e-01
8.090170e-01
9.048271e-01
9.685832e-01
9.980267e-01
9.921147e-01
9.510565e-01
8.763067e-01
7.705132e-01
6.374240e-01
4.817537e-01
3.090170e-01
1.253332e-01
-6.279052e-02
-2.486899e-01
-4.257793e-01
-5.877853e-01
-7.289686e-01
-8.443279e-01
-9.297765e-01
-9.822873e-01
-1
-9.822873e-01
-9.297765e-01
-8.443279e-01
-7.289686e-01
-5.877853e-01
-4.257793e-01
-2.486899e-01
-6.279052e-02
1.253332e-01
3.090170e-01
4.817537e-01
6.374240e-01
7.705132e-01
8.763067e-01
9.510565e-01
9.921147e-01
9.980267e-01
9.685832e-01
9.048271e-01
8.090170e-01
6.845471e-01
5.358268e-01
3.681246e-01
1.873813e-01
9.162277e-14
-1.873813e-01
-3.681246e-01
-5.358268e-01
-6.845471e-01
-8.090170e-01
-9.048271e-01
-9.685832e-01
-9.980267e-01
-9.921147e-01
-9.510565e-01
-8.763067e-01
-7.705132e-01
-6.374240e-01
-4.817537e-01
-3.090170e-01
-1.253332e-01
6.279052e-02
2.486899e-01
4.257793e-01
5.877853e-01
7.289686e-01
8.443279e-01
9.297765e-01
9.822873e-01
1
