0
-1.029065e+000
-1.002226e+000
-9.602280e-001
-9.037349e-001
-8.336373e-001
-7.510406e-001
-6.572474e-001
-5.537369e-001
-4.421415e-001
-3.242213e-001
-2.018357e-001
-7.691497e-002
4.857087e-002
1.726428e-001
2.933442e-001
4.087715e-001
5.171043e-001
6.166342e-001
7.057914e-001
7.831701e-001
8.475498e-001
8.979152e-001
9.334721e-001
9.536597e-001
9.581596e-001
9.469008e-001
9.200610e-001
8.780634e-001
8.215703e-001
7.514726e-001
6.688759e-001
5.750827e-001
4.715723e-001
3.599769e-001
2.420566e-001
1.196711e-001
-5.249665e-003
-1.307355e-001
-2.548075e-001
-3.755088e-001
-4.909361e-001
-5.992689e-001
-6.987988e-001
-7.879561e-001
-8.653347e-001
-9.297144e-001
-9.800799e-001
-1.015637e+000
-1.035824e+000
-1.040324e+000
-1.022673e+000
-1.017096e+000
-9.960115e-001
-9.597532e-001
-9.088924e-001
-8.442313e-001
-7.667896e-001
-6.777886e-001
-5.786319e-001
-4.708833e-001
-3.562420e-001
-2.365160e-001
-1.135934e-001
1.058716e-002
1.340673e-001
2.548997e-001
3.711788e-001
4.810707e-001
5.828424e-001
6.748889e-001
7.557586e-001
8.241760e-001
8.790623e-001
9.195518e-001
9.450060e-001
9.550234e-001
9.494461e-001
9.283620e-001
8.921037e-001
8.412430e-001
7.765819e-001
6.991402e-001
6.101392e-001
5.109825e-001
4.032339e-001
2.885926e-001
1.688665e-001
4.594397e-002
-7.823660e-002
-2.017168e-001
-3.225492e-001
-4.388282e-001
-5.487201e-001
-6.504918e-001
-7.425383e-001
-8.234080e-001
-8.918254e-001
-9.467117e-001
-9.872012e-001
-1.012655e+000
-1.031930e+000
-1.007410e+000
-9.676470e-001
-9.132686e-001
-8.451322e-001
-7.643124e-001
-6.720837e-001
-5.699007e-001
-4.593749e-001
-3.422493e-001
-2.203711e-001
-9.566230e-002
2.991031e-002
1.543664e-001
2.757432e-001
3.921265e-001
5.016809e-001
6.026787e-001
6.935270e-001
7.727932e-001
8.392271e-001
8.917811e-001
9.296263e-001
9.521659e-001
9.590445e-001
9.501535e-001
9.256333e-001
8.858703e-001
8.314919e-001
7.633555e-001
6.825357e-001
5.903070e-001
4.881241e-001
3.775982e-001
2.604727e-001
1.385944e-001
1.388562e-002
-1.116870e-001
-2.361431e-001
-3.575198e-001
-4.739032e-001
-5.834576e-001
-6.844554e-001
-7.753037e-001
-8.545699e-001
-9.210038e-001
-9.735578e-001
-1.011403e+000
-1.033943e+000
-1.040821e+000
-1.007427e+000
-9.790504e-001
-9.355783e-001
-8.776964e-001
-8.063175e-001
-7.225673e-001
-6.277667e-001
-5.234106e-001
-4.111448e-001
-2.927399e-001
-1.700631e-001
-4.504912e-002
8.033047e-002
2.040984e-001
3.243027e-001
4.390478e-001
5.465240e-001
6.450363e-001
7.330312e-001
8.091210e-001
8.721056e-001
9.209918e-001
9.550085e-001
9.736194e-001
9.765309e-001
9.636971e-001
9.353203e-001
8.918482e-001
8.339663e-001
7.625875e-001
6.788373e-001
5.840366e-001
4.796806e-001
3.674148e-001
2.490099e-001
1.263331e-001
1.319104e-003
-1.240605e-001
-2.478284e-001
-3.680327e-001
-4.827778e-001
-5.902540e-001
-6.887663e-001
-7.767613e-001
-8.528510e-001
-9.158356e-001
-9.647218e-001
-9.987385e-001
-1.017349e+000
-1.020261e+000
1.028708e+000
9.919112e-001
9.404703e-001
8.751969e-001
7.971202e-001
7.074716e-001
6.076649e-001
4.992741e-001
3.840087e-001
2.636863e-001
1.402046e-001
1.551092e-002
-1.084282e-001
-2.296582e-001
-3.462672e-001
-4.564162e-001
-5.583681e-001
-6.505150e-001
-7.314038e-001
-7.997588e-001
-8.545019e-001
-8.947699e-001
-9.199276e-001
-9.295784e-001
-9.235701e-001
-9.019973e-001
-8.652003e-001
-8.137595e-001
-7.484861e-001
-6.704094e-001
-5.807608e-001
-4.809541e-001
-3.725633e-001
-2.572978e-001
-1.369755e-001
-1.349377e-002
1.111999e-001
2.351390e-001
3.563690e-001
4.729780e-001
5.831270e-001
6.850789e-001
7.772259e-001
8.581146e-001
9.264696e-001
9.812127e-001
1.021481e+000
1.046638e+000
1.056289e+000
1.050281e+000
1.056590e+000
1.033706e+000
9.955269e-001
9.426547e-001
8.759232e-001
7.963848e-001
7.052938e-001
6.040868e-001
4.943598e-001
3.778435e-001
2.563752e-001
1.318706e-001
6.293244e-003
-1.183765e-001
-2.401724e-001
-3.571738e-001
-4.675354e-001
-5.695168e-001
-6.615097e-001
-7.420633e-001
-8.099072e-001
-8.639715e-001
-9.034036e-001
-9.275815e-001
-9.361240e-001
-9.288964e-001
-9.060126e-001
-8.678336e-001
-8.149614e-001
-7.482299e-001
-6.686915e-001
-5.776004e-001
-4.763934e-001
-3.666665e-001
-2.501501e-001
-1.286819e-001
-4.177273e-003
1.214001e-001
2.460698e-001
3.678657e-001
4.848671e-001
5.952287e-001
6.972101e-001
7.892030e-001
8.697566e-001
9.376005e-001
9.916648e-001
1.031097e+000
1.055275e+000
1.063817e+000
9.844869e-001
9.591716e-001
9.186412e-001
8.635350e-001
7.947219e-001
7.132872e-001
6.205152e-001
5.178689e-001
4.069672e-001
2.895590e-001
1.674959e-001
4.270292e-002
-8.285186e-002
-2.071884e-001
-3.283458e-001
-4.444133e-001
-5.535606e-001
-6.540662e-001
-7.443452e-001
-8.229737e-001
-8.887119e-001
-9.405229e-001
-9.775896e-001
-9.993275e-001
-1.005394e+000
-9.956929e-001
-9.703776e-001
-9.298472e-001
-8.747409e-001
-8.059278e-001
-7.244932e-001
-6.317211e-001
-5.290749e-001
-4.181731e-001
-3.007649e-001
-1.787018e-001
-5.390887e-002
7.164591e-002
1.959824e-001
3.171398e-001
4.332074e-001
5.423546e-001
6.428602e-001
7.331392e-001
8.117678e-001
8.775059e-001
9.293169e-001
9.663837e-001
9.881216e-001
9.941879e-001
-1.032468e+000
-1.015876e+000
-9.838397e-001
-9.368644e-001
-8.756911e-001
-8.012844e-001
-7.148179e-001
-6.176550e-001
-5.113282e-001
-3.975143e-001
-2.780082e-001
-1.546945e-001
-2.951804e-002
9.554711e-002
2.185286e-001
3.374869e-001
4.505460e-001
5.559230e-001
6.519558e-001
7.371301e-001
8.101026e-001
8.697224e-001
9.150494e-001
9.453687e-001
9.602021e-001
9.593157e-001
9.427236e-001
9.106872e-001
8.637120e-001
8.025387e-001
7.281320e-001
6.416654e-001
5.445026e-001
4.381758e-001
3.243619e-001
2.048557e-001
8.154206e-002
-4.363440e-002
-1.686995e-001
-2.916810e-001
-4.106394e-001
-5.236985e-001
-6.290754e-001
-7.251083e-001
-8.102826e-001
-8.832550e-001
-9.428749e-001
-9.882019e-001
-1.018521e+000
-1.033355e+000
1.022776e+000
1.006144e+000
9.740683e-001
9.270545e-001
8.658439e-001
7.914021e-001
7.049029e-001
6.077105e-001
5.013577e-001
3.875217e-001
2.679978e-001
1.446710e-001
1.948615e-002
-1.055824e-001
-2.285624e-001
-3.475143e-001
-4.605621e-001
-5.659230e-001
-6.619354e-001
-7.470852e-001
-8.200295e-001
-8.796178e-001
-9.249105e-001
-9.551933e-001
-9.699886e-001
-9.690630e-001
-9.524312e-001
-9.203554e-001
-8.733416e-001
-8.121311e-001
-7.376892e-001
-6.511900e-001
-5.539976e-001
-4.476448e-001
-3.338088e-001
-2.142849e-001
-9.095810e-002
3.422674e-002
1.592953e-001
2.822753e-001
4.012272e-001
5.142750e-001
6.196359e-001
7.156483e-001
8.007981e-001
8.737423e-001
9.333307e-001
9.786234e-001
1.008906e+000
1.023701e+000
1.044171e+000
1.020012e+000
9.805978e-001
9.265506e-001
8.587227e-001
7.781836e-001
6.862036e-001
5.842332e-001
4.738806e-001
3.568860e-001
2.350946e-001
1.104270e-001
-1.515059e-002
-1.396578e-001
-2.611311e-001
-3.776547e-001
-4.873910e-001
-5.886095e-001
-6.797137e-001
-7.592670e-001
-8.260148e-001
-8.789044e-001
-9.171016e-001
-9.400042e-001
-9.472509e-001
-9.387274e-001
-9.145681e-001
-8.751542e-001
-8.211070e-001
-7.532791e-001
-6.727401e-001
-5.807601e-001
-4.787897e-001
-3.684370e-001
-2.514424e-001
-1.296510e-001
-4.983432e-003
1.205942e-001
2.451014e-001
3.665747e-001
4.830983e-001
5.928346e-001
6.940531e-001
7.851573e-001
8.647106e-001
9.314584e-001
9.843479e-001
1.022545e+000
1.045448e+000
1.052694e+000
-9.512552e-001
-9.346533e-001
-9.026035e-001
-8.556111e-001
-7.944174e-001
-7.199873e-001
-6.334947e-001
-5.363037e-001
-4.299468e-001
-3.161016e-001
-1.965634e-001
-7.321729e-002
5.199135e-002
1.770880e-001
3.000997e-001
4.190866e-001
5.321721e-001
6.375728e-001
7.336266e-001
8.188185e-001
8.918051e-001
9.514352e-001
9.967686e-001
1.027090e+000
1.041922e+000
1.041030e+000
1.024428e+000
9.923781e-001
9.453857e-001
8.841920e-001
8.097619e-001
7.232693e-001
6.260782e-001
5.197214e-001
4.058762e-001
2.863379e-001
1.629919e-001
3.778323e-002
-8.731338e-002
-2.103251e-001
-3.293120e-001
-4.423975e-001
-5.477983e-001
-6.438520e-001
-7.290439e-001
-8.020305e-001
-8.616607e-001
-9.069940e-001
-9.373156e-001
-9.521473e-001
1.008968e+000
9.738785e-001
9.240343e-001
8.602220e-001
7.834479e-001
6.949227e-001
5.960427e-001
4.883671e-001
3.735941e-001
2.535337e-001
1.300793e-001
5.177975e-003
-1.192006e-001
-2.410949e-001
-3.585826e-001
-4.698108e-001
-5.730254e-001
-6.665986e-001
-7.490548e-001
-8.190935e-001
-8.756101e-001
-9.177135e-001
-9.447395e-001
-9.562620e-001
-9.520993e-001
-9.323170e-001
-8.972271e-001
-8.473829e-001
-7.835706e-001
-7.067965e-001
-6.182713e-001
-5.193913e-001
-4.117157e-001
-2.969427e-001
-1.768823e-001
-5.342794e-002
7.147342e-002
1.958520e-001
3.177463e-001
4.352340e-001
5.464622e-001
6.496768e-001
7.432500e-001
8.257062e-001
8.957449e-001
9.522615e-001
9.943649e-001
1.021391e+000
1.032913e+000
1.028751e+000
9.515692e-001
9.292605e-001
8.916393e-001
8.392989e-001
7.730648e-001
6.939814e-001
6.032960e-001
5.024388e-001
3.930003e-001
2.767064e-001
1.553912e-001
3.096787e-002
-9.460138e-002
-2.193362e-001
-3.412695e-001
-4.584783e-001
-5.691141e-001
-6.714322e-001
-7.638189e-001
-8.448172e-001
-9.131498e-001
-9.677390e-001
-1.007724e+000
-1.032474e+000
-1.041599e+000
-1.034954e+000
-1.012646e+000
-9.750244e-001
-9.226840e-001
-8.564499e-001
-7.773665e-001
-6.866812e-001
-5.858239e-001
-4.763854e-001
-3.600916e-001
-2.387763e-001
-1.143530e-001
1.121625e-002
1.359511e-001
2.578844e-001
3.750932e-001
4.857290e-001
5.880471e-001
6.804338e-001
7.614321e-001
8.297647e-001
8.843539e-001
9.243387e-001
9.490887e-001
9.582135e-001
1.110598e+000
1.079200e+000
1.032854e+000
9.722901e-001
8.984643e-001
8.125406e-001
7.158740e-001
6.099891e-001
4.965558e-001
3.773629e-001
2.542902e-001
1.292786e-001
4.299701e-003
-1.186756e-001
-2.377079e-001
-3.509200e-001
-4.565264e-001
-5.528617e-001
-6.384066e-001
-7.118120e-001
-7.719203e-001
-8.177835e-001
-8.486784e-001
-8.641176e-001
-8.638578e-001
-8.479030e-001
-8.165048e-001
-7.701584e-001
-7.095947e-001
-6.357689e-001
-5.498452e-001
-4.531786e-001
-3.472937e-001
-2.338604e-001
-1.146675e-001
8.405195e-003
1.334168e-001
2.583957e-001
3.813710e-001
5.004033e-001
6.136154e-001
7.192218e-001
8.155571e-001
9.011020e-001
9.745075e-001
1.034616e+000
1.080479e+000
1.111374e+000
1.126813e+000
1.126553e+000
-1.033494e+000
-1.007368e+000
-9.660572e-001
-9.102125e-001
-8.407147e-001
-7.586601e-001
-6.653425e-001
-5.622337e-001
-4.509598e-001
-3.332756e-001
-2.110370e-001
-8.617194e-002
3.935050e-002
1.635507e-001
2.844701e-001
4.002015e-001
5.089199e-001
6.089107e-001
6.985969e-001
7.765643e-001
8.415831e-001
8.926281e-001
9.288942e-001
9.498094e-001
9.550439e-001
9.445152e-001
9.183892e-001
8.770782e-001
8.212334e-001
7.517357e-001
6.696810e-001
5.763634e-001
4.732546e-001
3.619807e-001
2.442965e-001
1.220580e-001
-2.807126e-003
-1.283296e-001
-2.525298e-001
-3.734491e-001
-4.891806e-001
-5.978989e-001
-6.978897e-001
-7.875760e-001
-8.655434e-001
-9.305622e-001
-9.816072e-001
-1.017873e+000
-1.038788e+000
-1.044023e+000
9.512854e-001
9.452832e-001
9.237497e-001
8.870243e-001
8.356864e-001
7.705454e-001
6.926288e-001
6.031653e-001
5.035659e-001
3.954012e-001
2.803770e-001
1.603075e-001
3.708609e-002
-8.734389e-002
-2.110201e-001
-3.319921e-001
-4.483521e-001
-5.582651e-001
-6.599975e-001
-7.519452e-001
-8.326579e-001
-9.008628e-001
-9.554842e-001
-9.956609e-001
-1.020759e+000
-1.030383e+000
-1.024381e+000
-1.002847e+000
-9.661218e-001
-9.147839e-001
-8.496430e-001
-7.717264e-001
-6.822629e-001
-5.826634e-001
-4.744987e-001
-3.594746e-001
-2.394050e-001
-1.161836e-001
8.246363e-003
1.319226e-001
2.528946e-001
3.692546e-001
4.791675e-001
5.809000e-001
6.728476e-001
7.535603e-001
8.217652e-001
8.763867e-001
9.165633e-001
9.416615e-001
-9.173558e-001
-9.003680e-001
-8.679380e-001
-8.205773e-001
-7.590328e-001
-6.842750e-001
-5.974830e-001
-5.000254e-001
-3.934394e-001
-2.794057e-001
-1.597229e-001
-3.627822e-002
8.898138e-002
2.140805e-001
3.370463e-001
4.559395e-001
5.688851e-001
6.741019e-001
7.699305e-001
8.548597e-001
9.275500e-001
9.868552e-001
1.031840e+000
1.061795e+000
1.076247e+000
1.074970e+000
1.057982e+000
1.025552e+000
9.781910e-001
9.166465e-001
8.418887e-001
7.550967e-001
6.576392e-001
5.510531e-001
4.370195e-001
3.173366e-001
1.938919e-001
6.863235e-002
-5.646679e-002
-1.794326e-001
-2.983258e-001
-4.112714e-001
-5.164882e-001
-6.123168e-001
-6.972459e-001
-7.699363e-001
-8.292415e-001
-8.742262e-001
-9.041810e-001
-9.186335e-001
9.649166e-001
9.358668e-001
8.917494e-001
8.332601e-001
7.613213e-001
6.770675e-001
5.818276e-001
4.771034e-001
3.645465e-001
2.459321e-001
1.231306e-001
-1.921065e-003
-1.272509e-001
-2.508825e-001
-3.708659e-001
-4.853090e-001
-5.924070e-001
-6.904708e-001
-7.779539e-001
-8.534767e-001
-9.158481e-001
-9.640845e-001
-9.974252e-001
-1.015344e+000
-1.017559e+000
-1.004035e+000
-9.749856e-001
-9.308682e-001
-8.723789e-001
-8.004401e-001
-7.161863e-001
-6.209464e-001
-5.162222e-001
-4.036653e-001
-2.850508e-001
-1.622494e-001
-3.719772e-002
8.813216e-002
2.117637e-001
3.317471e-001
4.461902e-001
5.532882e-001
6.513520e-001
7.388351e-001
8.143579e-001
8.767293e-001
9.249657e-001
9.583064e-001
9.762256e-001
9.784406e-001
1.015207e+000
9.876783e-001
9.450187e-001
8.879014e-001
8.172271e-001
7.341105e-001
6.398623e-001
5.359689e-001
4.240687e-001
3.059265e-001
1.834055e-001
5.843783e-002
-6.700563e-002
-1.909466e-001
-3.114304e-001
-4.265570e-001
-5.345107e-001
-6.335891e-001
-7.222296e-001
-7.990343e-001
-8.627920e-001
-9.124971e-001
-9.473659e-001
-9.668483e-001
-9.706371e-001
-9.586726e-001
-9.311435e-001
-8.884839e-001
-8.313666e-001
-7.606923e-001
-6.775757e-001
-5.833275e-001
-4.794341e-001
-3.675339e-001
-2.493917e-001
-1.268707e-001
-1.903000e-003
1.235405e-001
2.474814e-001
3.679652e-001
4.830918e-001
5.910455e-001
6.901239e-001
7.787644e-001
8.555692e-001
9.193268e-001
9.690320e-001
1.003901e+000
1.023383e+000
1.027172e+000
-1.031482e+000
-1.004973e+000
-9.632932e-001
-9.070999e-001
-8.372796e-001
-7.549333e-001
-6.613596e-001
-5.580343e-001
-4.465870e-001
-3.287750e-001
-2.064566e-001
-8.156054e-002
4.394331e-002
1.680757e-001
2.888791e-001
4.044482e-001
5.129606e-001
6.127048e-001
7.021079e-001
7.797599e-001
8.444362e-001
8.951168e-001
9.310025e-001
9.515273e-001
9.563675e-001
9.454469e-001
9.189375e-001
8.772576e-001
8.210643e-001
7.512440e-001
6.688977e-001
5.753240e-001
4.719987e-001
3.605513e-001
2.427394e-001
1.204209e-001
-4.475073e-003
-1.299789e-001
-2.541113e-001
-3.749147e-001
-4.904838e-001
-5.989962e-001
-6.987404e-001
-7.881435e-001
-8.657955e-001
-9.304718e-001
-9.811524e-001
-1.017038e+000
-1.037563e+000
-1.042403e+000
-9.266618e-001
-9.051134e-001
-8.682307e-001
-8.165954e-001
-7.510217e-001
-6.725437e-001
-5.823992e-001
-4.820098e-001
-3.729586e-001
-2.569654e-001
-1.358597e-001
-1.155113e-002
1.139997e-001
2.388129e-001
3.609200e-001
4.783953e-001
5.893863e-001
6.921424e-001
7.850431e-001
8.666234e-001
9.355967e-001
9.908753e-001
1.031587e+000
1.057091e+000
1.066983e+000
1.061109e+000
1.039561e+000
1.002678e+000
9.510428e-001
8.854691e-001
8.069911e-001
7.168466e-001
6.164572e-001
5.074060e-001
3.914128e-001
2.703071e-001
1.459985e-001
2.044768e-002
-1.043655e-001
-2.264726e-001
-3.439479e-001
-4.549389e-001
-5.576950e-001
-6.505957e-001
-7.321760e-001
-8.011493e-001
-8.564279e-001
-8.971399e-001
-9.226433e-001
-9.325359e-001
-9.790610e-001
-9.490036e-001
-9.039243e-001
-8.445341e-001
-7.717694e-001
-6.867780e-001
-5.909001e-001
-4.856478e-001
-3.726809e-001
-2.537811e-001
-1.308235e-001
-5.747144e-003
1.194754e-001
2.428693e-001
3.624886e-001
4.764468e-001
5.829467e-001
6.803087e-001
7.669974e-001
8.416456e-001
9.030762e-001
9.503203e-001
9.826328e-001
9.995042e-001
1.000668e+000
9.861069e-001
9.560495e-001
9.109702e-001
8.515800e-001
7.788153e-001
6.938239e-001
5.979460e-001
4.926936e-001
3.797268e-001
2.608270e-001
1.378694e-001
1.279303e-002
-1.124295e-001
-2.358234e-001
-3.554427e-001
-4.694009e-001
-5.759008e-001
-6.732628e-001
-7.599515e-001
-8.345998e-001
-8.960303e-001
-9.432744e-001
-9.755869e-001
-9.924583e-001
-9.936224e-001
-1.065417e+000
-1.040975e+000
-1.001288e+000
-9.469823e-001
-8.789133e-001
-7.981548e-001
-7.059804e-001
-6.038439e-001
-4.933559e-001
-3.762590e-001
-2.543997e-001
-1.297000e-001
-4.126336e-003
1.203409e-001
2.417387e-001
3.581526e-001
4.677467e-001
5.687926e-001
6.596968e-001
7.390256e-001
8.055280e-001
8.581553e-001
8.960774e-001
9.186962e-001
9.256552e-001
9.168444e-001
8.924030e-001
8.527163e-001
7.984102e-001
7.303411e-001
6.495826e-001
5.574083e-001
4.552718e-001
3.447838e-001
2.276869e-001
1.058276e-001
-1.887213e-002
-1.444458e-001
-2.689130e-001
-3.903108e-001
-5.067247e-001
-6.163188e-001
-7.173647e-001
-8.082689e-001
-8.875978e-001
-9.541002e-001
-1.006727e+000
-1.044649e+000
-1.067268e+000
-1.074227e+000
1.057590e+000
1.029776e+000
9.868434e-001
9.294703e-001
8.585612e-001
7.752344e-001
6.808039e-001
5.767590e-001
4.647405e-001
3.465151e-001
2.239473e-001
9.896986e-002
-2.644606e-002
-1.503226e-001
-2.707063e-001
-3.856984e-001
-4.934856e-001
-5.923679e-001
-6.807860e-001
-7.573454e-001
-8.208387e-001
-8.702647e-001
-9.048437e-001
-9.240306e-001
-9.275226e-001
-9.152649e-001
-8.874505e-001
-8.445183e-001
-7.871452e-001
-7.162361e-001
-6.329092e-001
-5.384788e-001
-4.344339e-001
-3.224154e-001
-2.041900e-001
-8.162212e-002
4.335527e-002
1.687712e-001
2.926478e-001
4.130314e-001
5.280236e-001
6.358107e-001
7.346931e-001
8.231111e-001
8.996705e-001
9.631639e-001
1.012590e+000
1.047169e+000
1.066356e+000
1.069848e+000
1.065147e+000
1.039613e+000
9.988713e-001
9.435656e-001
8.745678e-001
7.929660e-001
7.000470e-001
5.972763e-001
4.862747e-001
3.687927e-001
2.466830e-001
1.218715e-001
-3.673600e-003
-1.279723e-001
-2.490644e-001
-3.650401e-001
-4.740705e-001
-5.744360e-001
-6.645540e-001
-7.430030e-001
-8.085460e-001
-8.601493e-001
-8.969991e-001
-9.185143e-001
-9.243555e-001
-9.144306e-001
-8.888961e-001
-8.481548e-001
-7.928491e-001
-7.238512e-001
-6.422494e-001
-5.493304e-001
-4.465598e-001
-3.355581e-001
-2.180761e-001
-9.596647e-002
2.884508e-002
1.543902e-001
2.786889e-001
3.997809e-001
5.157567e-001
6.247871e-001
7.251526e-001
8.152705e-001
8.937196e-001
9.592626e-001
1.010866e+000
1.047716e+000
1.069231e+000
1.075072e+000
1.001151e+000
9.810880e-001
9.456528e-001
8.954035e-001
8.311328e-001
7.538541e-001
6.647862e-001
5.653338e-001
4.570653e-001
3.416881e-001
2.210219e-001
9.696955e-002
-2.851253e-002
-1.534454e-001
-2.758588e-001
-3.938222e-001
-5.054753e-001
-6.090572e-001
-7.029343e-001
-7.856262e-001
-8.558288e-001
-9.124349e-001
-9.545518e-001
-9.815153e-001
-9.929002e-001
-9.885269e-001
-9.684645e-001
-9.330292e-001
-8.827799e-001
-8.185092e-001
-7.412305e-001
-6.521626e-001
-5.527102e-001
-4.444417e-001
-3.290646e-001
-2.083983e-001
-8.434597e-002
4.113611e-002
1.660690e-001
2.884824e-001
4.064458e-001
5.180989e-001
6.216808e-001
7.155579e-001
7.982498e-001
8.684524e-001
9.250585e-001
9.671754e-001
9.941389e-001
1.005524e+000
-1.022010e+000
-9.963301e-001
-9.554485e-001
-9.000099e-001
-8.308885e-001
-7.491744e-001
-6.561564e-001
-5.533013e-001
-4.422313e-001
-3.246980e-001
-2.025549e-001
-7.772835e-002
4.781306e-002
1.720895e-001
2.931410e-001
4.090586e-001
5.180141e-001
6.182893e-001
7.083028e-001
7.866349e-001
8.520504e-001
9.035177e-001
9.402249e-001
9.615933e-001
9.672859e-001
9.572128e-001
9.315330e-001
8.906514e-001
8.352128e-001
7.660914e-001
6.843773e-001
5.913593e-001
4.885042e-001
3.774342e-001
2.599008e-001
1.377578e-001
1.293122e-002
-1.126102e-001
-2.368866e-001
-3.579381e-001
-4.738557e-001
-5.828113e-001
-6.830865e-001
-7.730999e-001
-8.514321e-001
-9.168476e-001
-9.683148e-001
-1.005022e+000
-1.026390e+000
-1.032083e+000
8.735059e-001
8.506823e-001
8.125616e-001
7.597449e-001
6.930651e-001
6.135739e-001
5.225248e-001
4.213538e-001
3.116564e-001
1.951626e-001
7.370951e-002
-5.078740e-002
-1.763648e-001
-3.010422e-001
-4.228534e-001
-5.398773e-001
-6.502685e-001
-7.522860e-001
-8.443208e-001
-9.249217e-001
-9.928173e-001
-1.046937e+000
-1.086427e+000
-1.110666e+000
-1.119269e+000
-1.112103e+000
-1.089279e+000
-1.051159e+000
-9.983418e-001
-9.316620e-001
-8.521708e-001
-7.611218e-001
-6.599508e-001
-5.502534e-001
-4.337595e-001
-3.123065e-001
-1.878096e-001
-6.223218e-002
6.244522e-002
1.842564e-001
3.012804e-001
4.116716e-001
5.136890e-001
6.057239e-001
6.863247e-001
7.542204e-001
8.083402e-001
8.478305e-001
8.720686e-001
8.806723e-001
1.051538e+000
1.017943e+000
9.695137e-001
9.070128e-001
8.314263e-001
7.439463e-001
6.459524e-001
5.389901e-001
4.247462e-001
3.050224e-001
1.817067e-001
5.674411e-002
-6.789482e-002
-1.902444e-001
-3.083751e-001
-4.204240e-001
-5.246239e-001
-6.193316e-001
-7.030535e-001
-7.744692e-001
-8.324524e-001
-8.760888e-001
-9.046902e-001
-9.178054e-001
-9.152277e-001
-8.969978e-001
-8.634030e-001
-8.149732e-001
-7.524723e-001
-6.768858e-001
-5.894058e-001
-4.914119e-001
-3.844496e-001
-2.702057e-001
-1.504819e-001
-2.716625e-002
9.779639e-002
2.224353e-001
3.447849e-001
4.629156e-001
5.749645e-001
6.791644e-001
7.738721e-001
8.575940e-001
9.290097e-001
9.869929e-001
1.030629e+000
1.059231e+000
1.072346e+000
1.069768e+000
-1.037424e+000
-1.012986e+000
-9.733029e-001
-9.189999e-001
-8.509338e-001
-7.701779e-001
-6.780058e-001
-5.758711e-001
-4.653847e-001
-3.482888e-001
-2.264302e-001
-1.017306e-001
2.384329e-002
1.483112e-001
2.697101e-001
3.861256e-001
4.957217e-001
5.967699e-001
6.876767e-001
7.670085e-001
8.335140e-001
8.861446e-001
9.240702e-001
9.466926e-001
9.536551e-001
9.448479e-001
9.204099e-001
8.807265e-001
8.264236e-001
7.583574e-001
6.776015e-001
5.854294e-001
4.832948e-001
3.728083e-001
2.557124e-001
1.338538e-001
9.154282e-003
-1.164196e-001
-2.408875e-001
-3.622865e-001
-4.787020e-001
-5.882980e-001
-6.893462e-001
-7.802531e-001
-8.595848e-001
-9.260904e-001
-9.787210e-001
-1.016647e+000
-1.039269e+000
-1.046231e+000
9.870515e-001
9.497319e-001
8.977928e-001
8.320534e-001
7.535505e-001
6.635222e-001
5.633881e-001
4.547275e-001
3.392540e-001
2.187887e-001
9.523149e-002
-2.946918e-002
-1.533466e-001
-2.744473e-001
-3.908613e-001
-5.007528e-001
-6.023886e-001
-6.941660e-001
-7.746375e-001
-8.425340e-001
-8.967849e-001
-9.365344e-001
-9.611558e-001
-9.702608e-001
-9.637057e-001
-9.415940e-001
-9.042743e-001
-8.523353e-001
-7.865959e-001
-7.080930e-001
-6.180646e-001
-5.179305e-001
-4.092700e-001
-2.937965e-001
-1.733312e-001
-4.977395e-002
7.492671e-002
1.988042e-001
3.199048e-001
4.363188e-001
5.462103e-001
6.478461e-001
7.396235e-001
8.200950e-001
8.879915e-001
9.422424e-001
9.819920e-001
1.006613e+000
1.015718e+000
1.009163e+000
9.644197e-001
9.320379e-001
8.847465e-001
8.232913e-001
7.486414e-001
6.619742e-001
5.646564e-001
4.582227e-001
3.443518e-001
2.248394e-001
1.015703e-001
-2.351154e-002
-1.484334e-001
-2.712252e-001
-3.899505e-001
-5.027369e-001
-6.078056e-001
-7.034998e-001
-7.883102e-001
-8.608993e-001
-9.201224e-001
-9.650455e-001
-9.949600e-001
-1.009394e+000
-1.008121e+000
-9.911593e-001
-9.587775e-001
-9.114862e-001
-8.500309e-001
-7.753811e-001
-6.887138e-001
-5.913960e-001
-4.849624e-001
-3.710914e-001
-2.515790e-001
-1.283099e-001
-3.228099e-003
1.216938e-001
2.444856e-001
3.632109e-001
4.759972e-001
5.810660e-001
6.767602e-001
7.615706e-001
8.341597e-001
8.933828e-001
9.383058e-001
9.682204e-001
9.826547e-001
9.813811e-001
9.083469e-001
8.829670e-001
8.423740e-001
7.872082e-001
7.183396e-001
6.368541e-001
5.440370e-001
4.413520e-001
3.304185e-001
2.129859e-001
9.090638e-002
-3.389496e-002
-1.594499e-001
-2.837783e-001
-4.049194e-001
-5.209629e-001
-6.300786e-001
-7.305457e-001
-8.207798e-001
-8.993578e-001
-9.650405e-001
-1.016792e+000
-1.053796e+000
-1.075470e+000
-1.081470e+000
-1.071704e+000
-1.046324e+000
-1.005731e+000
-9.505651e-001
-8.816964e-001
-8.002110e-001
-7.073939e-001
-6.047088e-001
-4.937753e-001
-3.763428e-001
-2.542632e-001
-1.294619e-001
-3.906967e-003
1.204214e-001
2.415626e-001
3.576061e-001
4.667218e-001
5.671889e-001
6.574229e-001
7.360009e-001
8.016836e-001
8.534352e-001
8.904394e-001
9.121128e-001
9.181135e-001
9.151027e-001
8.833616e-001
8.366749e-001
7.757788e-001
7.016337e-001
6.154089e-001
5.184643e-001
4.123286e-001
2.986758e-001
1.792981e-001
5.607833e-002
-6.904036e-002
-1.940847e-001
-3.170828e-001
-4.360948e-001
-5.492438e-001
-6.547454e-001
-7.509358e-001
-8.362980e-001
-9.094858e-001
-9.693450e-001
-1.014932e+000
-1.045527e+000
-1.060647e+000
-1.060056e+000
-1.043761e+000
-1.012020e+000
-9.653331e-001
-9.044370e-001
-8.302919e-001
-7.440671e-001
-6.471225e-001
-5.409868e-001
-4.273340e-001
-3.079563e-001
-1.847365e-001
-5.961785e-002
6.542653e-002
1.884246e-001
3.074366e-001
4.205856e-001
5.260872e-001
6.222776e-001
7.076398e-001
7.808276e-001
8.406868e-001
8.862733e-001
9.168683e-001
9.319892e-001
9.313975e-001
-1.038620e+000
-1.017725e+000
-9.814797e-001
-9.304543e-001
-8.654538e-001
-7.875033e-001
-6.978322e-001
-5.978546e-001
-4.891472e-001
-3.734244e-001
-2.525113e-001
-1.283146e-001
-2.793113e-003
1.220737e-001
2.443166e-001
3.620077e-001
4.732910e-001
5.764115e-001
6.697429e-001
7.518133e-001
8.213284e-001
8.771919e-001
9.185228e-001
9.446694e-001
9.552191e-001
9.500058e-001
9.291116e-001
8.928659e-001
8.418405e-001
7.768400e-001
6.988896e-001
6.092184e-001
5.092408e-001
4.005335e-001
2.848107e-001
1.638975e-001
3.970087e-002
-8.582065e-002
-2.106875e-001
-3.329304e-001
-4.506215e-001
-5.619048e-001
-6.650253e-001
-7.583567e-001
-8.404271e-001
-9.099422e-001
-9.658057e-001
-1.007137e+000
-1.033283e+000
-1.043833e+000
1.009871e+000
9.929026e-001
9.604958e-001
9.131616e-001
8.516463e-001
7.769200e-001
6.901614e-001
5.927385e-001
4.861878e-001
3.721898e-001
2.525421e-001
1.291318e-001
3.904994e-003
-1.211633e-001
-2.441007e-001
-3.629685e-001
-4.758920e-001
-5.810903e-001
-6.769044e-001
-7.618233e-001
-8.345077e-001
-8.938114e-001
-9.387990e-001
-9.687612e-001
-9.832254e-001
-9.819635e-001
-9.649954e-001
-9.325887e-001
-8.852544e-001
-8.237391e-001
-7.490129e-001
-6.622542e-001
-5.648313e-001
-4.582807e-001
-3.442826e-001
-2.246349e-001
-1.012246e-001
2.400218e-002
1.490705e-001
2.720079e-001
3.908757e-001
5.037992e-001
6.089975e-001
7.048116e-001
7.897305e-001
8.624149e-001
9.217185e-001
9.667062e-001
9.966684e-001
1.011133e+000
9.398274e-001
9.154599e-001
8.758446e-001
8.216063e-001
7.536001e-001
6.728988e-001
5.807749e-001
4.786814e-001
3.682282e-001
2.511574e-001
1.293151e-001
4.622983e-003
-1.209526e-001
-2.454311e-001
-3.668496e-001
-4.832931e-001
-5.929254e-001
-6.940173e-001
-7.849747e-001
-8.643631e-001
-9.309305e-001
-9.836270e-001
-1.021622e+000
-1.044315e+000
-1.051350e+000
-1.042615e+000
-1.018247e+000
-9.786319e-001
-9.243935e-001
-8.563874e-001
-7.756860e-001
-6.835621e-001
-5.814686e-001
-4.710154e-001
-3.539446e-001
-2.321024e-001
-1.074102e-001
1.816532e-002
1.426439e-001
2.640624e-001
3.805059e-001
4.901381e-001
5.912301e-001
6.821875e-001
7.615759e-001
8.281432e-001
8.808398e-001
9.188344e-001
9.415280e-001
9.485627e-001
-9.756757e-001
-9.512631e-001
-9.116041e-001
-8.573243e-001
-7.892796e-001
-7.085432e-001
-6.163883e-001
-5.142683e-001
-4.037937e-001
-2.867066e-001
-1.648537e-001
-4.015658e-002
8.541814e-002
2.098901e-001
3.312963e-001
4.477220e-001
5.573313e-001
6.583954e-001
7.493206e-001
8.286729e-001
8.952008e-001
9.478552e-001
9.858057e-001
1.008454e+000
1.015442e+000
1.006661e+000
9.822483e-001
9.425893e-001
8.883095e-001
8.202648e-001
7.395284e-001
6.473736e-001
5.452535e-001
4.347789e-001
3.176918e-001
1.958389e-001
7.114179e-002
-5.443293e-002
-1.789049e-001
-3.003111e-001
-4.167368e-001
-5.263461e-001
-6.274102e-001
-7.183354e-001
-7.976876e-001
-8.642156e-001
-9.168700e-001
-9.548205e-001
-9.774685e-001
-9.844570e-001
9.444951e-001
9.341518e-001
9.082834e-001
8.672979e-001
8.118417e-001
7.427894e-001
6.612300e-001
5.684496e-001
4.659116e-001
3.552330e-001
2.381592e-001
1.165366e-001
-7.716732e-003
-1.326413e-001
-2.562669e-001
-3.766439e-001
-4.918739e-001
-6.001397e-001
-6.997339e-001
-7.890857e-001
-8.667860e-001
-9.316095e-001
-9.825339e-001
-1.018756e+000
-1.039705e+000
-1.045050e+000
-1.034706e+000
-1.008838e+000
-9.678523e-001
-9.123961e-001
-8.433438e-001
-7.617843e-001
-6.690040e-001
-5.664660e-001
-4.557873e-001
-3.387136e-001
-2.170910e-001
-9.283763e-002
3.208691e-002
1.557125e-001
2.760896e-001
3.913196e-001
4.995854e-001
5.991795e-001
6.885313e-001
7.662317e-001
8.310552e-001
8.819796e-001
9.182017e-001
9.391504e-001
-1.016581e+000
-9.933914e-001
-9.549159e-001
-9.017614e-001
-8.347660e-001
-7.549863e-001
-6.636806e-001
-5.622887e-001
-4.524097e-001
-3.357764e-001
-2.142282e-001
-8.968195e-002
3.589810e-002
1.605315e-001
2.822528e-001
3.991422e-001
5.093565e-001
6.111574e-001
7.029395e-001
7.832553e-001
8.508382e-001
9.046224e-001
9.437597e-001
9.676328e-001
9.758653e-001
9.683273e-001
9.451377e-001
9.066622e-001
8.535076e-001
7.865122e-001
7.067326e-001
6.154268e-001
5.140349e-001
4.041559e-001
2.875226e-001
1.659744e-001
4.142820e-002
-8.415185e-002
-2.087853e-001
-3.305065e-001
-4.473960e-001
-5.576102e-001
-6.594111e-001
-7.511932e-001
-8.315090e-001
-8.990920e-001
-9.528762e-001
-9.920134e-001
-1.015887e+000
-1.024119e+000
9.086022e-001
8.784845e-001
8.333444e-001
7.738938e-001
7.010703e-001
6.160224e-001
5.200912e-001
4.147898e-001
3.017787e-001
1.828402e-001
5.985008e-002
-6.525207e-002
-1.904933e-001
-3.138985e-001
-4.335215e-001
-5.474758e-001
-6.539642e-001
-7.513073e-001
-8.379700e-001
-9.125856e-001
-9.739774e-001
-1.021177e+000
-1.053440e+000
-1.070258e+000
-1.071366e+000
-1.056746e+000
-1.026628e+000
-9.814878e-001
-9.220372e-001
-8.492137e-001
-7.641658e-001
-6.682346e-001
-5.629332e-001
-4.499221e-001
-3.309836e-001
-2.079935e-001
-8.289134e-002
4.234991e-002
1.657551e-001
2.853781e-001
3.993324e-001
5.058208e-001
6.031639e-001
6.898266e-001
7.644422e-001
8.258340e-001
8.730336e-001
9.052969e-001
9.221149e-001
9.232225e-001
9.170015e-001
8.897294e-001
8.473151e-001
7.904273e-001
7.199632e-001
6.370342e-001
5.429479e-001
4.391884e-001
3.273918e-001
2.093213e-001
8.683887e-002
-3.812376e-002
-1.635959e-001
-2.875988e-001
-4.081768e-001
-5.234284e-001
-6.315360e-001
-7.307946e-001
-8.196389e-001
-8.966678e-001
-9.606664e-001
-1.010625e+000
-1.045757e+000
-1.065507e+000
-1.069565e+000
-1.057865e+000
-1.030593e+000
-9.881786e-001
-9.312908e-001
-8.608267e-001
-7.778976e-001
-6.838114e-001
-5.800518e-001
-4.682553e-001
-3.501847e-001
-2.277024e-001
-1.027397e-001
2.273242e-002
1.467353e-001
2.673134e-001
3.825650e-001
4.906725e-001
5.899311e-001
6.787754e-001
7.558043e-001
8.198029e-001
8.697620e-001
9.048937e-001
9.246439e-001
9.287012e-001
9.426213e-001
9.230080e-001
8.880102e-001
8.381798e-001
7.743027e-001
6.973863e-001
6.086434e-001
5.094738e-001
4.014413e-001
2.862497e-001
1.657156e-001
4.173996e-002
-8.372211e-002
-2.086920e-001
-3.311988e-001
-4.493105e-001
-5.611645e-001
-6.649968e-001
-7.591698e-001
-8.421984e-001
-9.127731e-001
-9.697811e-001
-1.012323e+000
-1.039728e+000
-1.051565e+000
-1.047645e+000
-1.028032e+000
-9.930342e-001
-9.432038e-001
-8.793267e-001
-8.024102e-001
-7.136674e-001
-6.144977e-001
-5.064653e-001
-3.912737e-001
-2.707396e-001
-1.467639e-001
-2.130185e-002
1.036680e-001
2.261748e-001
3.442866e-001
4.561406e-001
5.599728e-001
6.541458e-001
7.371744e-001
8.077492e-001
8.647571e-001
9.072991e-001
9.347044e-001
9.465407e-001
-9.898171e-001
-9.825103e-001
-9.596805e-001
-9.216876e-001
-8.691309e-001
-8.028392e-001
-7.238579e-001
-6.334327e-001
-5.329895e-001
-4.241125e-001
-3.085187e-001
-1.880311e-001
-6.454981e-002
5.997775e-002
1.835877e-001
3.043307e-001
4.203025e-001
5.296741e-001
6.307208e-001
7.218489e-001
8.016214e-001
8.687801e-001
9.222658e-001
9.612352e-001
9.850737e-001
9.934052e-001
9.860985e-001
9.632686e-001
9.252758e-001
8.727190e-001
8.064273e-001
7.274460e-001
6.370208e-001
5.365776e-001
4.277006e-001
3.121068e-001
1.916192e-001
6.813794e-002
-5.638962e-002
-1.799996e-001
-3.007426e-001
-4.167143e-001
-5.260860e-001
-6.271327e-001
-7.182608e-001
-7.980332e-001
-8.651919e-001
-9.186777e-001
-9.576471e-001
-9.814856e-001
-9.547137e-001
-9.365526e-001
-9.029744e-001
-8.545086e-001
-7.919195e-001
-7.161942e-001
-6.285270e-001
-5.303004e-001
-4.230635e-001
-3.085075e-001
-1.884390e-001
-6.475154e-002
6.060422e-002
1.856514e-001
3.084178e-001
4.269675e-001
5.394308e-001
6.440340e-001
7.391277e-001
8.232119e-001
8.949608e-001
9.532428e-001
9.971387e-001
1.025956e+000
1.039241e+000
1.036783e+000
1.018622e+000
9.850442e-001
9.365783e-001
8.739893e-001
7.982640e-001
7.105968e-001
6.123702e-001
5.051333e-001
3.905773e-001
2.705088e-001
1.468213e-001
2.146554e-002
-1.035816e-001
-2.263481e-001
-3.448977e-001
-4.573610e-001
-5.619643e-001
-6.570579e-001
-7.411422e-001
-8.128911e-001
-8.711730e-001
-9.150689e-001
-9.438865e-001
-9.571713e-001
