-1.833605e-02
-1.057536e+00
-8.206141e-02
-1.292585e+00
-1.453871e-02
7.919353e-01
-1.247529e+00
-8.902768e-01
6.900625e-01
7.948093e-01
1.869874e+00
1.984072e+00
4.774360e-01
1.991805e+00
1.299395e+00
2.445584e+00
1.196382e+00
4.524427e-01
2.084233e+00
2.254012e+00
1.971164e+00
7.550525e-01
-1.086438e+00
-3.415808e-01
8.801779e-01
-5.945412e-01
-8.305067e-01
-1.851257e+00
-5.843477e-01
-1.129292e+00
1.312554e-01
-1.662204e-01
-2.246596e+00
-1.485599e+00
-6.249221e-01
-1.749280e+00
-1.299077e+00
-1.746485e+00
5.499432e-02
6.064202e-01
1.290895e+00
1.482721e+00
-9.829636e-01
1.531088e+00
7.862543e-01
1.857244e+00
8.430262e-01
8.523922e-01
1.781688e+00
2.773884e-01
1.510052e+00
1.146933e+00
2.026881e+00
-7.570893e-01
1.023682e+00
9.668461e-01
1.308486e+00
1.566108e-01
-1.448323e+00
-1.245427e+00
-8.105350e-01
-2.101090e+00
-5.247319e-01
-1.779596e+00
-1.937748e+00
-4.954347e-01
-6.691549e-01
-4.941578e-02
-1.274953e+00
-4.181890e-01
-1.785745e+00
5.062973e-01
-8.688809e-01
8.298730e-01
-9.393753e-01
-3.045134e-01
-8.780639e-01
6.142356e-01
1.636872e+00
2.060294e+00
8.928630e-01
2.464965e+00
-3.554400e-01
4.862131e-01
2.444113e+00
1.508108e+00
8.187235e-01
-6.001669e-01
-1.432393e-01
1.450513e+00
-7.411695e-01
-7.015967e-01
-1.719081e+00
4.699742e-01
5.182975e-01
-7.882300e-01
4.292254e-01
4.124358e-02
-3.387710e-01
2.352062e-02
-3.830640e-01
2.330535e+00
-6.015126e-01
2.592792e-01
-5.993293e-01
-2.930303e-01
4.105117e-01
-1.255281e+00
-7.508996e-01
-7.408982e-01
9.797713e-02
4.980253e-01
-9.282975e-01
3.648972e-01
-1.722455e+00
1.913712e-01
-2.103972e+00
3.264856e-01
-4.259329e-01
9.862757e-02
-2.311980e-01
9.235537e-01
1.109137e+00
9.631200e-01
-7.146725e-01
-7.055901e-01
6.660193e-02
-5.721999e-01
4.106023e-01
-1.196040e-01
5.753162e-01
1.282038e+00
1.146201e+00
9.353189e-01
7.405817e-01
1.570824e+00
1.494235e+00
8.609206e-01
1.029367e+00
-1.032343e+00
2.079726e-02
-8.112927e-01
-1.415806e+00
-4.257562e-01
-9.224741e-01
6.072957e-01
2.227187e-01
-1.518976e+00
-2.478093e+00
-3.217240e-01
-2.458627e+00
-7.211394e-01
-3.313122e-01
3.446813e-01
7.460708e-01
-8.025598e-01
8.911466e-01
-1.436455e+00
1.546556e+00
1.026346e+00
4.834077e-02
1.970009e+00
2.211077e+00
1.100604e+00
-3.551272e-01
4.298252e-01
5.057069e-01
5.409912e-01
4.442097e-01
5.262251e-01
8.264876e-01
8.601520e-01
1.246878e+00
2.669973e-01
5.075926e-01
1.132892e+00
9.390977e-01
-5.858218e-01
3.285466e-01
-7.257546e-01
5.619361e-01
-1.491969e-01
-9.204814e-01
-2.141619e+00
-2.018806e+00
-1.476652e+00
-2.178547e+00
-8.117849e-01
-1.319605e+00
5.422933e-03
-4.320873e-01
-8.809651e-01
6.976269e-01
-9.833350e-02
1.613990e+00
1.079945e+00
-3.135830e-01
-5.342163e-01
1.659812e+00
4.532168e-01
-4.349368e-01
-1.128595e+00
-1.145789e+00
1.824280e-01
-1.996472e+00
8.401063e-01
-7.887518e-01
8.999816e-01
-8.470534e-01
2.118908e-01
7.099670e-01
1.831187e+00
-6.850564e-01
-1.535570e-01
1.016198e+00
9.229097e-01
2.143588e+00
9.031945e-01
-1.686445e-01
1.711641e-01
2.174263e-01
4.484528e-01
-1.116706e+00
-7.302165e-01
-4.184711e-01
8.464097e-01
1.796684e-02
4.050274e-01
-1.402904e+00
-2.054857e+00
-1.422083e+00
5.264305e-01
-3.198537e-01
-3.292294e-01
-1.241356e+00
-1.561102e+00
-5.545312e-01
2.638149e-01
-1.727808e+00
-4.881942e-01
-1.361529e+00
1.336586e+00
1.648157e+00
7.124506e-01
1.229913e+00
1.068486e+00
1.511041e+00
1.429649e+00
2.096049e+00
2.273152e+00
1.068772e+00
5.651321e-01
4.325317e-02
1.309603e+00
-2.493579e-01
1.733846e+00
3.707963e-01
5.176283e-01
7.793022e-01
1.131738e+00
-8.667615e-01
-1.300173e+00
-2.107355e+00
-1.033558e+00
-2.050021e+00
-6.469838e-02
3.046359e-02
-6.883485e-01
-1.161052e+00
-6.098968e-01
4.242306e-01
6.714074e-01
-3.069910e-01
9.253595e-01
1.171191e+00
-2.049332e-01
-1.418156e-01
5.561990e-01
1.785385e+00
1.720544e+00
6.088821e-01
1.950857e+00
1.254382e+00
1.478075e+00
1.841667e+00
-3.122383e-01
1.851901e+00
-6.670779e-01
-7.536232e-01
1.164701e+00
5.198395e-01
-1.419894e+00
-1.286426e+00
-8.609771e-01
6.954981e-01
-1.318041e+00
-3.848593e-01
-7.960240e-01
-1.680745e+00
-1.425164e+00
-1.501403e+00
-1.510117e+00
-3.684443e-01
-2.085088e+00
-1.050058e+00
5.214699e-01
-6.306255e-01
2.065047e-01
-1.585715e-01
9.626621e-01
1.918204e+00
8.440078e-01
-4.706188e-01
1.912592e+00
1.694430e-01
1.285941e+00
1.510168e+00
-5.295152e-01
4.086693e-01
8.498290e-02
-2.051501e-02
1.870747e+00
1.026165e+00
8.402012e-01
-1.148124e+00
-8.539871e-02
-1.401636e+00
-1.767162e+00
-5.269186e-01
-2.973882e-02
-1.404681e+00
4.977697e-01
-2.424124e+00
-8.107909e-01
3.812856e-01
-3.650079e-01
6.075263e-01
-1.239772e+00
6.651576e-02
7.052239e-01
-4.253966e-01
3.015439e-01
1.066938e+00
1.261989e+00
3.106219e-01
-4.671572e-01
1.216846e+00
1.327307e+00
7.088868e-01
6.434005e-01
2.002340e+00
-4.407789e-01
-2.958189e-02
-4.517435e-01
5.750310e-01
3.802868e-01
1.122612e+00
1.278164e+00
3.902042e-01
-3.865230e-01
-1.518994e+00
-8.192139e-01
-4.083348e-01
2.792278e-03
-3.759378e-01
-2.180234e+00
-8.546104e-01
-2.868600e-01
-9.270848e-01
-1.433259e-01
7.176915e-01
6.770350e-01
6.986853e-01
6.038541e-01
7.581890e-01
-1.069438e+00
8.872324e-01
1.743198e+00
1.693111e-01
1.791111e+00
1.189880e+00
2.413103e+00
-4.826715e-01
-3.745825e-01
7.208579e-01
9.394672e-01
2.105786e+00
-6.112087e-02
1.210594e-01
1.207804e+00
8.590880e-01
-5.371833e-01
-1.689917e+00
-1.787164e+00
-5.016941e-01
6.403044e-03
-2.058457e+00
3.836828e-01
-2.458331e+00
-1.979391e+00
1.422362e+00
-5.291665e-01
-4.651793e-01
1.965873e+00
1.302251e+00
-5.838034e-01
5.918378e-01
6.944825e-01
-8.394549e-01
-6.573985e-01
-3.347999e-01
3.699853e-01
-6.328243e-01
-4.165061e-01
-2.057448e+00
-7.602862e-02
-1.438468e+00
-1.616456e+00
-1.308099e+00
6.637318e-01
4.227091e-01
-1.724323e+00
-1.302712e+00
-1.115232e+00
-1.470920e+00
-1.216839e+00
-2.625453e-01
-2.722214e-01
-1.118602e-01
1.595445e+00
-2.540197e-01
9.918131e-01
5.164932e-01
1.480385e+00
4.344152e-01
1.041844e+00
1.434746e+00
1.806596e+00
4.067958e-01
1.390293e+00
3.470365e-01
1.374522e+00
-3.813128e-01
-5.725353e-01
-9.572224e-01
-1.916089e+00
-4.131814e-01
-1.973703e+00
-1.249997e+00
-2.418388e+00
-7.241959e-01
-1.661677e+00
-5.785695e-01
-1.124246e+00
-1.665946e-01
1.136331e-01
4.743423e-01
-1.477318e+00
1.476544e+00
-7.858861e-01
-1.722534e-02
2.479493e-01
2.376682e-01
4.224552e-01
1.717712e+00
-1.413399e-01
4.692015e-01
3.894156e-02
4.182026e-01
1.597674e+00
1.916702e+00
-4.149453e-01
1.100181e+00
9.753293e-01
-2.949122e-02
1.286276e+00
-1.816916e+00
-7.276590e-01
7.725216e-01
5.005151e-01
-1.120607e+00
-7.223598e-01
-3.386938e-01
5.116403e-02
-2.089191e+00
-6.550596e-01
3.619630e-01
-1.416756e-01
4.095145e-01
1.047560e+00
-5.911425e-01
1.315842e+00
6.783627e-01
1.253092e+00
2.024716e+00
-5.823738e-01
-3.265313e-02
-9.959372e-02
1.322021e+00
-4.206058e-01
4.737782e-02
-2.158539e+00
5.811839e-01
-1.633182e+00
4.532839e-01
-5.585781e-01
1.010616e+00
-1.008431e+00
-1.018062e+00
-6.179226e-01
-2.358802e-01
6.465385e-01
4.317590e-01
1.662718e+00
8.204563e-01
1.625306e-01
1.743837e+00
1.037658e-01
8.133487e-01
-1.430116e-01
-3.421471e-01
1.546960e+00
-6.902251e-01
-5.387620e-01
-4.281464e-01
-2.771498e-01
-1.856469e+00
-8.821434e-02
-3.308543e-01
-2.075212e+00
-2.021883e+00
-1.301397e+00
-1.173473e+00
-8.824433e-01
-1.868182e+00
-6.335316e-01
-1.771706e+00
6.491631e-01
-1.248493e-02
-1.547250e+00
2.421428e-02
-9.145061e-02
-7.291029e-01
-1.756500e-01
8.479702e-02
-1.105951e-01
1.898049e+00
1.449521e+00
2.416962e+00
1.807462e+00
1.211872e-01
1.410727e+00
-5.915225e-01
8.132868e-01
-5.465817e-01
1.347715e+00
1.624761e-01
9.001108e-01
2.265299e-01
-1.203401e+00
-1.084307e+00
-1.594432e+00
-2.906284e-02
-1.030425e-01
1.957686e-01
-2.072683e+00
-1.834171e+00
-8.445721e-01
5.784499e-01
-1.151330e+00
-4.016996e-01
-1.691889e+00
1.043979e+00
2.027564e-01
-5.947216e-01
6.347500e-01
-1.089800e+00
1.518403e+00
1.354908e+00
8.546487e-01
1.805017e-01
-2.268541e-01
7.522929e-02
8.263979e-01
1.140420e-01
1.330820e+00
2.058398e+00
1.461802e+00
-9.314039e-01
6.673312e-01
-1.052470e+00
-1.541074e+00
-1.133752e+00
1.371972e-01
-9.100692e-01
-2.133087e+00
-1.164084e+00
-1.900647e+00
-1.329189e+00
3.036414e-01
-8.483373e-01
-1.072541e+00
-2.318028e+00
-1.191707e+00
-1.334198e+00
-7.412643e-01
7.263241e-01
-5.848205e-01
7.964277e-01
-8.804981e-01
-2.483965e-01
-1.916243e-01
1.798641e+00
3.518124e-03
9.086773e-01
3.812728e-01
5.901274e-01
7.831143e-01
-2.140157e-01
2.273012e-01
3.992577e-01
7.107222e-01
-4.145880e-01
5.175865e-01
-5.628721e-01
-6.633907e-01
-1.425814e+00
4.993641e-02
-1.725266e+00
-2.255312e+00
-1.592790e+00
-1.456748e+00
-1.022627e+00
-2.169914e-01
3.929809e-01
-1.371884e+00
-2.394478e-01
7.738361e-01
-8.434678e-01
-1.299369e+00
9.662420e-01
-3.918632e-01
-7.798245e-01
-1.277218e-01
6.206061e-01
-6.101937e-01
1.125225e+00
2.240390e+00
5.334255e-01
-2.586899e-01
1.726490e+00
-1.044292e-01
-7.203449e-02
1.224570e+00
-5.996946e-01
-6.087299e-01
-9.349006e-01
1.235229e+00
1.266418e+00
-2.024113e-01
-3.144555e-02
-8.373937e-01
-1.123860e+00
6.173451e-01
2.815896e-01
-3.737930e-01
3.723758e-01
-1.148337e+00
-1.031900e+00
5.323148e-01
-2.166273e+00
8.362588e-01
3.507494e-01
7.181097e-01
1.022786e-01
7.913285e-01
-1.624962e-01
7.366838e-02
-2.343304e-01
1.411428e+00
8.557384e-01
1.307109e+00
2.688629e-01
-4.536994e-01
7.860152e-01
1.871207e+00
1.808887e+00
3.194563e-01
-3.044756e-02
1.082926e-01
1.158573e+00
7.075234e-02
-1.277549e+00
-1.736141e-01
-1.583108e+00
6.157056e-01
-2.448005e-01
-1.735764e+00
2.086397e-01
-9.978196e-01
2.096121e+00
-3.752286e-01
1.248965e+00
1.995440e+00
1.988247e+00
-2.493150e-01
1.694315e+00
1.417166e+00
-2.938765e-01
2.200340e-01
4.642845e-01
-2.317410e-01
-1.757733e+00
-1.924285e+00
-1.714997e+00
-1.558892e+00
-2.266309e+00
5.245586e-01
-5.712194e-01
-7.609623e-01
-1.839606e+00
2.944119e-01
-8.515904e-01
-1.572150e+00
1.482188e+00
-9.346361e-01
1.772022e+00
1.871438e+00
7.730878e-01
1.244053e+00
2.190148e+00
2.420016e+00
9.960899e-01
1.055678e-01
1.776315e+00
-1.809602e-01
1.801724e+00
7.033198e-01
-4.268132e-01
1.729912e+00
-3.855455e-02
-7.849550e-01
-1.310333e+00
4.552294e-02
6.909701e-01
6.952923e-01
-1.024249e+00
-1.587721e+00
-1.353236e+00
-2.210847e+00
-3.817267e-01
-9.895693e-01
9.856075e-02
-1.204371e+00
-3.537991e-01
1.641293e-01
1.095129e+00
6.970392e-01
-3.956939e-01
-7.606222e-01
1.589936e+00
2.113473e+00
2.209671e+00
7.258011e-02
1.855567e+00
9.379435e-01
-2.696549e-01
2.381929e+00
-4.845608e-01
9.177372e-01
1.887956e+00
-1.602155e-01
-9.993992e-01
-1.270702e+00
-9.192188e-01
4.206897e-01
4.670667e-01
-2.032927e+00
-1.139435e-01
5.756561e-01
-1.392667e+00
-3.803280e-03
3.403233e-02
-1.706037e-01
-1.403704e-01
-1.032482e+00
-2.224930e+00
6.962032e-02
-1.217839e+00
-6.994627e-01
1.499533e-01
-7.733941e-01
1.550024e+00
-5.307158e-01
1.340872e+00
1.189617e+00
9.761613e-01
6.932572e-01
2.136171e+00
7.248457e-01
-5.043313e-01
-4.757718e-01
-7.693797e-01
4.666413e-01
1.791337e-01
1.016920e+00
6.199433e-03
-7.329031e-02
-3.519607e-01
1.069741e+00
-5.621626e-01
1.806147e-01
-1.488657e-01
1.997745e+00
1.748586e+00
2.206327e+00
-2.880036e-01
-3.374621e-01
9.716631e-01
1.870918e-01
-1.554617e-01
1.433572e+00
1.609235e+00
1.600619e+00
-4.427914e-01
-6.916520e-01
-5.586372e-01
2.755070e-01
-1.346604e+00
-1.581765e+00
-9.966052e-01
-2.249449e+00
5.016719e-01
-9.264089e-01
-1.700825e+00
-3.267503e-01
-3.284714e-01
-8.877313e-01
-1.835988e-01
-5.082371e-01
-1.583102e+00
-6.946779e-01
1.411878e+00
-4.583009e-01
1.541133e+00
6.137883e-01
1.846188e+00
1.946420e+00
9.047522e-01
2.022060e+00
1.764191e+00
1.152780e-01
1.827892e+00
7.276609e-01
1.812381e+00
1.320367e-01
9.059089e-01
1.237528e+00
1.231071e+00
1.009239e+00
-1.316948e-01
-2.027525e-01
-1.339593e+00
-1.592271e+00
-1.674055e+00
-1.319197e+00
-1.082226e+00
-2.372106e+00
4.624648e-01
-8.003048e-01
1.105701e-01
7.266053e-01
1.018601e+00
8.881598e-01
-1.161053e+00
-1.179473e-01
4.729685e-01
1.443687e-01
-2.546836e-01
-3.307975e-01
2.194748e+00
2.897129e-01
8.839285e-01
-4.674863e-01
1.890070e+00
1.369860e+00
6.190172e-01
7.813150e-01
-4.180660e-01
1.490364e-01
-3.840860e-01
1.316196e+00
-4.706052e-01
-3.367204e-01
-1.545880e-01
-7.311034e-01
-3.211585e-01
-5.737114e-01
-2.223113e+00
-8.202686e-01
2.131863e+00
1.140810e+00
1.493326e+00
7.126060e-01
-3.472597e-01
-9.227072e-01
1.257365e+00
3.534211e-01
-1.422294e+00
1.180398e+00
-1.975981e+00
7.000398e-01
-4.587409e-01
-2.979433e-01
-1.167348e+00
3.700707e-01
-1.882729e+00
-2.055214e+00
-2.116034e+00
-1.284078e+00
-1.731627e+00
8.265515e-01
2.946959e-01
-1.433449e+00
-1.412878e+00
7.168362e-01
-3.284956e-01
-3.652810e-01
1.811121e+00
2.059417e+00
-5.599645e-01
1.215845e+00
7.017180e-01
-4.585758e-01
4.764391e-01
1.624016e+00
2.602082e-01
9.128526e-02
2.773071e-01
1.237112e+00
2.300491e-01
3.883252e-01
3.867867e-01
-9.144945e-01
-1.164928e-01
-1.457309e+00
-4.559241e-01
-1.197649e+00
-9.184211e-01
-7.147165e-01
-4.378737e-01
-2.254405e+00
5.567368e-01
-1.513321e+00
-6.975595e-01
1.058755e-01
2.658827e-01
1.998896e-01
-4.172900e-01
1.042923e+00
1.798241e+00
-1.973808e-01
6.953552e-01
-2.886093e-01
2.298460e+00
6.840035e-01
1.916437e+00
-1.914783e-01
2.092940e+00
1.877670e+00
7.134321e-01
9.809610e-02
1.705598e+00
-6.506102e-01
9.986997e-01
-3.944452e-01
5.562093e-01
-1.722497e+00
-1.839380e+00
1.275871e-01
9.367378e-02
-8.096467e-01
4.998482e-01
-1.180356e+00
-8.489026e-01
-1.949793e+00
-1.229745e+00
-1.991968e+00
-1.408421e+00
2.997485e-03
1.296684e+00
8.819574e-01
-1.031397e+00
9.942631e-01
-5.910370e-01
-2.338802e-01
4.568428e-01
-3.973478e-01
2.357231e+00
-2.291229e-02
-1.271743e+00
-1.325578e+00
-2.333861e+00
-5.697894e-02
-1.765688e+00
-1.542696e+00
1.187941e+00
-2.101502e-01
1.084475e+00
3.378525e-01
3.712049e-01
2.080674e+00
-2.537870e-01
9.049169e-01
1.690458e+00
1.133949e+00
1.760969e+00
1.314910e+00
1.014070e+00
1.301373e+00
4.661686e-01
1.148699e+00
2.521406e-01
2.992948e-01
-1.155849e-01
-1.498378e-01
-1.829576e+00
-1.552725e+00
-8.011236e-01
-8.813565e-01
-1.897973e+00
-3.847438e-01
-1.053372e+00
-9.656842e-01
-1.492927e+00
-1.189112e-01
3.164167e-01
-8.757510e-01
3.325465e-01
-1.700740e+00
-1.188519e+00
7.672682e-01
5.155795e-01
1.640583e+00
1.958987e+00
8.561620e-02
1.667858e+00
1.580216e+00
1.282037e+00
1.462619e+00
-4.991406e-01
-2.356400e-01
-4.183696e-01
-3.265050e-01
3.873303e-01
4.756960e-01
-5.427332e-01
-1.159145e+00
7.966792e-01
-7.492542e-01
-1.166712e+00
-7.328245e-01
-1.216632e+00
-1.957442e+00
1.382455e-01
-2.114607e+00
-1.460646e+00
1.181262e-01
-2.352849e+00
1.257828e-01
7.776456e-01
4.648127e-01
-3.627638e-02
-1.121146e+00
1.331928e+00
-7.711261e-02
-3.694068e-01
1.806806e+00
-2.428257e-01
1.103760e+00
9.765133e-01
1.021057e+00
1.989300e+00
3.443276e-01
1.691108e+00
-2.908869e-01
1.116636e+00
7.748245e-01
-1.622874e-01
1.845116e-01
-2.328017e-01
-1.315211e+00
8.894564e-01
-1.907184e-02
-4.859928e-01
-3.513266e-01
-1.777765e+00
4.876867e-01
-6.947749e-01
1.077097e-01
1.783801e+00
-7.400950e-02
1.796480e+00
1.789633e+00
4.082646e-01
1.231195e+00
-4.463819e-01
8.250395e-01
-4.807612e-02
3.666083e-01
-8.288112e-01
5.512759e-02
1.737563e-01
-1.960391e+00
4.364419e-01
-1.368717e+00
2.375337e-01
-5.584396e-01
-7.819222e-01
-1.211672e+00
-1.760857e+00
4.484086e-01
4.811479e-01
-2.945582e-01
6.753763e-01
1.036851e+00
3.753845e-01
6.460555e-01
1.604672e+00
2.153087e+00
-3.496847e-01
4.214940e-01
1.617912e+00
1.097770e+00
1.015498e+00
6.876938e-02
-4.253513e-01
1.576664e+00
8.886420e-01
4.542924e-01
4.488434e-01
-1.154858e+00
1.110894e+00
6.119233e-01
2.553357e-03
-5.550609e-01
-9.765685e-01
-1.646404e-01
-2.271464e+00
-2.009210e-01
-1.777161e+00
-2.180650e+00
-1.735445e+00
-2.154621e+00
-7.399989e-01
8.844720e-01
9.441744e-01
1.757506e-01
-1.133195e+00
2.706976e-01
-1.033692e-01
1.168472e+00
-2.788634e-01
2.124946e+00
-2.408101e-01
5.329974e-01
1.254843e+00
1.986331e+00
1.586855e+00
1.001738e+00
8.197474e-01
1.480613e+00
-8.121753e-01
6.364015e-01
-9.167825e-01
4.022495e-01
6.238801e-01
-1.905508e+00
-5.398887e-01
-3.523266e-01
-1.092149e+00
-1.122035e+00
-2.163853e+00
-1.486009e+00
-1.666356e+00
-2.046846e+00
6.973429e-02
-8.458322e-01
-1.266173e+00
-2.106383e-01
-1.343228e-01
1.333762e+00
1.998184e-01
-7.744089e-01
-2.560197e-01
1.028313e+00
1.841439e+00
1.851336e+00
7.908819e-02
9.744980e-01
1.692055e+00
1.514887e+00
1.146890e+00
1.202160e+00
-4.519419e-01
2.889355e-01
2.115615e-01
4.138989e-01
-4.244232e-01
-2.540495e-01
-1.383140e+00
2.038105e-01
6.227817e-01
-6.288504e-01
-1.964394e+00
-7.417995e-01
-5.567182e-01
-1.201425e+00
4.708610e-01
-1.692916e+00
-2.158707e+00
-1.814400e-01
-1.032093e+00
-1.183220e+00
-6.110889e-01
-7.341146e-01
-1.948830e-01
9.125487e-01
-5.375988e-01
-2.139321e-01
9.373330e-01
1.637169e+00
-1.199818e-01
1.855699e+00
1.167431e+00
1.378771e+00
-4.668565e-01
1.890986e+00
1.741686e+00
-1.015929e+00
1.365700e+00
-8.419991e-01
9.988745e-01
-1.177771e+00
-1.580385e+00
-6.115527e-01
-6.114191e-01
1.462949e-01
-2.086350e-01
-7.332660e-01
-1.977138e+00
2.858782e-01
-2.326861e+00
-1.405097e+00
-7.976281e-01
-3.746872e-01
-1.528262e+00
-4.773607e-01
-1.200081e+00
1.052612e+00
5.137127e-01
-7.612876e-01
4.203673e-01
-6.034711e-01
3.240808e-02
-3.235488e-01
-1.302845e-01
1.582688e+00
-3.999312e-01
-4.706388e-01
1.284870e+00
-2.352077e-01
1.007008e+00
1.677576e+00
-1.040292e+00
-1.280873e+00
-3.342669e-01
-1.046293e+00
7.509592e-01
-3.682097e-01
-2.320023e+00
1.993671e-01
-7.542428e-01
8.640513e-02
-2.362577e+00
-8.540257e-01
-1.309399e+00
-7.652337e-01
8.515318e-01
-1.041193e+00
2.518124e-01
-5.490695e-02
9.692835e-01
-5.787741e-01
3.499248e-02
1.766364e+00
-3.655036e-01
9.555083e-01
1.279677e+00
-9.410154e-02
4.283456e-01
-2.063975e-01
-4.603679e-01
1.874978e+00
5.435583e-01
6.303322e-01
-4.072319e-01
1.667797e-01
6.204162e-01
6.007324e-01
-1.393538e+00
-1.639161e+00
-1.063020e+00
-2.280516e+00
-3.902931e-01
-1.855746e+00
-6.774450e-01
-1.996089e+00
-1.093069e+00
5.724338e-01
-8.025851e-01
1.760066e-01
1.701752e-01
-1.518908e+00
9.483750e-01
1.097899e+00
-8.534199e-01
-1.869773e-01
2.176837e+00
1.980345e+00
-2.759952e-01
5.558423e-01
2.314010e+00
-4.201855e-02
1.131874e+00
2.330314e+00
8.016030e-01
-6.585343e-02
1.731135e+00
7.713723e-01
6.476259e-01
-3.964657e-01
4.064806e-01
2.425412e-01
-1.952333e+00
5.731314e-01
4.317742e-01
-2.341996e+00
-1.601178e+00
-2.053400e+00
-3.206264e-01
-1.374495e+00
-1.582703e+00
1.092106e-01
3.272129e-01
4.920423e-01
1.401221e-01
-1.011434e+00
-1.180764e+00
1.395888e+00
4.702922e-01
1.382821e+00
1.746049e-01
3.869927e-01
1.359751e+00
1.406751e+00
1.421694e+00
2.423277e+00
-1.647767e-01
1.454987e+00
1.094432e-01
-3.230096e-01
1.005418e+00
-6.650008e-01
6.468355e-01
1.130580e+00
1.038390e+00
-9.897741e-01
-1.593280e+00
-9.037795e-02
-1.692013e-01
-9.777212e-01
-5.610937e-01
-1.706419e+00
-2.098324e+00
-2.364330e+00
-2.190282e+00
-1.030460e-03
-1.366616e+00
8.437801e-01
-1.024091e+00
1.352412e+00
-7.911331e-01
9.926211e-01
-5.381968e-01
1.711957e+00
1.881661e+00
4.332877e-01
1.786922e+00
2.177404e+00
-8.647009e-01
-9.239018e-02
5.886324e-02
4.508280e-01
-1.448820e+00
4.702091e-01
3.192116e-02
5.627305e-01
-8.290436e-01
-1.105037e+00
6.465930e-01
1.503799e+00
1.697639e+00
7.860908e-01
1.660052e+00
2.024074e+00
1.119534e+00
2.197582e+00
1.201249e-01
1.168840e+00
-5.359543e-01
-6.263012e-01
-2.078841e-01
5.475226e-01
-1.217845e+00
1.179922e+00
-1.770716e+00
6.971694e-01
-1.282119e+00
-2.671134e-01
-1.780082e+00
2.992955e-01
2.546533e-01
-5.572368e-01
-1.957986e+00
-1.214299e+00
5.679814e-01
6.375306e-01
-1.862650e+00
-1.135599e+00
-9.989098e-01
-1.598608e-01
1.069855e+00
-8.829204e-01
-3.385558e-01
-5.960420e-01
8.393540e-01
-4.440684e-01
1.400464e+00
7.712182e-01
2.861851e-01
1.378487e+00
2.227527e+00
-2.884479e-01
2.553095e-01
-8.960090e-01
-3.848309e-01
6.476692e-01
-3.175807e-01
6.934344e-01
-1.619398e+00
-1.891483e+00
-1.005601e+00
2.236388e-01
-8.072560e-01
-6.364441e-01
-1.294296e+00
-2.006538e+00
-1.107591e-01
-1.841394e+00
-2.058761e-01
-8.840765e-01
-1.850702e+00
4.974417e-02
-9.202038e-01
8.757852e-01
1.058793e+00
-3.771713e-01
1.868769e+00
1.894168e+00
1.666172e+00
2.313151e+00
-1.045042e-01
1.998744e+00
-8.208248e-02
4.814054e-01
1.201344e+00
1.054589e+00
1.451683e+00
2.780517e-01
6.118367e-01
9.698602e-01
-6.632437e-01
8.746105e-01
-1.866802e+00
-1.921233e+00
-5.271134e-01
-8.182923e-01
-4.310270e-01
-1.534113e+00
-7.026369e-01
-1.660682e+00
-1.615658e+00
2.287530e-03
6.429114e-01
9.637903e-01
4.592596e-01
1.331168e+00
-1.239655e+00
1.461501e+00
1.852652e+00
1.343604e+00
1.316128e+00
5.413338e-01
7.089184e-01
1.368535e+00
1.069878e+00
1.920185e+00
1.994632e+00
1.782519e+00
2.091324e+00
1.274201e-01
-3.239569e-01
-4.568297e-02
3.668785e-01
6.782125e-01
-1.862969e+00
-1.402288e+00
-2.051081e+00
-9.859394e-01
-2.270715e+00
-6.528797e-01
-2.440302e+00
-1.933989e+00
-1.306231e+00
-1.175688e+00
-1.542931e+00
-1.419684e+00
-7.044831e-01
8.504378e-01
-4.971815e-01
5.722323e-01
-4.063754e-01
1.699159e+00
-6.403955e-01
2.065355e+00
1.865453e+00
5.547870e-01
-2.239684e-02
1.101235e+00
9.917408e-01
-5.694260e-01
1.860441e+00
2.184305e+00
-5.719823e-01
1.431972e+00
2.125336e-01
8.221099e-01
1.075064e+00
-8.608525e-01
-1.705663e+00
-1.899476e+00
5.034744e-01
-1.121088e+00
-2.345594e+00
-4.925162e-01
-2.388960e+00
-1.352208e-01
-1.714012e+00
-1.282474e+00
-9.543978e-01
-1.820657e+00
-4.953294e-01
-1.522273e+00
9.826226e-01
4.038148e-01
4.909057e-01
-5.618459e-01
-3.900442e-01
8.056162e-01
-8.305196e-02
6.788425e-01
1.953109e-01
2.233491e-01
1.465216e+00
7.821112e-02
1.794989e+00
3.634882e-01
6.920237e-01
-5.109385e-01
-6.203401e-01
2.317764e-01
8.612871e-01
-6.102095e-01
-5.458916e-01
-1.589754e+00
3.290361e-01
-1.615673e+00
-2.706072e-01
-1.813281e+00
-1.637427e-01
9.167400e-01
4.834587e-01
8.921840e-01
1.940897e+00
6.328702e-01
1.244316e+00
-6.116013e-01
-7.423024e-02
-1.341003e+00
-1.052269e+00
1.326310e-01
-2.076949e+00
-1.623297e+00
-7.532414e-01
2.131941e-01
-1.845727e+00
-4.298076e-01
-8.988683e-01
1.282658e-01
-1.618336e+00
-1.671616e+00
9.197087e-01
1.096895e-01
2.596689e-01
6.911451e-01
-4.069147e-01
-6.708925e-01
1.503888e+00
1.852347e+00
1.657756e+00
9.463831e-01
2.158299e+00
2.110778e+00
6.340816e-01
-1.662777e-01
-1.291791e-01
6.008084e-01
-6.404575e-01
2.338507e-01
8.836063e-01
-4.103460e-01
-1.699760e+00
-1.460167e+00
4.508459e-01
-1.126456e+00
-5.179192e-01
-9.189125e-01
4.555852e-01
-2.438397e+00
2.412142e-01
4.631481e-01
-9.995353e-02
3.050870e-01
-1.815802e+00
-1.002153e+00
-7.757980e-01
-7.710700e-01
-1.176459e+00
-1.377487e-01
-5.843169e-01
7.098111e-01
1.428490e-01
1.847659e+00
2.172347e+00
6.941803e-01
-1.985728e-01
2.093553e+00
2.392095e+00
2.228959e+00
8.854671e-01
1.865274e+00
7.351518e-01
-1.175190e+00
5.320836e-01
8.608889e-01
7.353024e-01
-1.046870e+00
-1.012383e+00
-5.425904e-01
-1.561286e+00
-2.011000e+00
-6.647368e-01
-1.578317e+00
-1.782846e+00
-1.912989e+00
6.135418e-01
1.369485e-01
-3.573609e-01
-1.639559e+00
1.462975e-01
9.014555e-02
5.879116e-01
1.673213e+00
1.188849e+00
1.765775e+00
9.868149e-01
2.173753e-01
2.400405e+00
1.842169e+00
4.433396e-01
1.187872e+00
6.616526e-01
-3.775815e-01
5.727503e-02
1.726162e+00
1.642082e+00
2.086776e-01
-6.430801e-01
-1.373681e+00
-1.375105e+00
7.304946e-01
-2.078019e-01
-1.615146e+00
-1.158586e+00
-2.445363e+00
-1.851138e+00
-2.090206e-01
1.987737e-02
-1.532947e+00
-1.336098e+00
-1.534813e+00
4.124972e-01
-1.086746e+00
-1.223927e+00
3.680362e-01
-1.162982e-02
1.103345e+00
1.733122e+00
1.997769e-01
7.119168e-01
5.309589e-01
-4.369033e-01
3.169381e-01
1.274281e-01
1.288923e-01
2.251026e+00
-9.447863e-02
1.564411e+00
1.255874e+00
-9.137660e-01
-5.513781e-02
-1.595680e-01
-1.430461e-01
7.550164e-01
-1.814241e-01
-2.285221e+00
-1.886465e+00
-7.205947e-02
-1.608414e-01
-7.414236e-01
-1.256537e-01
-2.151350e+00
1.971840e-01
-1.434454e+00
1.006670e+00
9.990767e-01
9.918452e-02
1.719978e-01
1.434571e+00
4.617347e-01
3.389721e-01
1.181522e+00
1.174936e+00
8.803772e-02
1.756345e+00
2.114803e+00
6.866488e-01
-4.459300e-02
1.178593e+00
1.603223e+00
9.210621e-02
1.014182e+00
5.693224e-01
1.449692e+00
5.938817e-01
3.902098e-01
-9.964095e-02
-9.842853e-01
-8.069469e-01
-1.097295e+00
-1.703093e+00
-2.039047e+00
-2.034016e+00
-2.060125e+00
-1.134021e+00
-3.518803e-01
8.341137e-01
2.727091e-01
9.369356e-01
-8.916124e-01
-5.357527e-01
5.929955e-01
1.835084e+00
5.310200e-01
4.574117e-01
7.392027e-01
-3.522405e-01
2.321703e+00
5.443931e-01
2.034873e+00
1.974848e+00
-1.109518e-01
5.927218e-01
2.408401e-01
9.766144e-02
-2.711534e-01
-3.013725e-01
1.848890e-01
-5.880869e-01
-3.301131e-01
4.232140e-01
-1.844517e+00
-2.167001e+00
-2.407822e+00
-1.916201e+00
4.508014e-01
-1.340428e+00
-1.586092e-01
-3.911016e-01
-1.171781e+00
-9.168765e-01
-3.173416e-01
1.366854e-01
-1.394955e+00
1.627142e+00
-9.268142e-02
-8.389574e-01
-2.467331e-01
-4.492686e-02
-5.401353e-01
1.132194e+00
1.194433e+00
8.194845e-01
-4.515362e-01
6.031842e-01
1.533957e+00
3.176759e-01
-9.569340e-01
-1.054340e+00
-3.937646e-01
-4.417885e-01
-1.608405e+00
8.899710e-01
7.011765e-01
7.559560e-01
-1.533032e+00
-2.972926e-01
-1.908688e+00
-7.139035e-01
-9.579855e-01
-8.748721e-01
-2.162224e+00
-8.373289e-02
-1.985666e+00
-1.189179e-01
-8.988188e-02
-3.574910e-01
-5.960054e-01
1.785286e+00
8.853575e-01
-6.188633e-01
5.580762e-01
1.592501e+00
5.493637e-01
6.442024e-01
1.261162e+00
1.567712e+00
2.244900e+00
-6.071634e-01
2.183362e+00
1.661837e+00
1.362966e+00
1.447357e+00
2.063865e-01
4.325098e-01
-8.778848e-01
-5.034906e-01
-8.604736e-01
-1.331972e-01
2.793271e-01
-1.831664e+00
-1.855079e+00
3.386524e-01
-2.040683e+00
-9.806162e-01
-6.562539e-01
-1.175530e+00
-2.056324e-01
2.079674e-01
-1.407097e+00
6.246264e-01
-3.673196e-01
1.020704e+00
3.060406e-01
1.391931e+00
2.102089e+00
1.234689e+00
1.426726e+00
1.018112e+00
9.438364e-01
8.858049e-01
1.450532e+00
1.001274e+00
-4.209493e-01
3.796433e-01
-4.477291e-01
1.386733e-01
-3.097689e-01
-3.902192e-01
4.222371e-01
-7.878744e-01
-5.889554e-01
6.221143e-01
-6.363615e-01
-2.592069e-01
-6.287999e-01
-1.905794e-01
-1.836080e-01
-6.178743e-01
-2.124102e+00
7.427206e-01
-1.212619e-01
1.062670e+00
-9.012363e-01
-6.610437e-01
-9.503294e-01
1.945673e+00
2.124149e+00
1.029020e+00
1.902022e+00
-4.531029e-01
1.088114e+00
-3.329382e-01
1.781522e+00
1.140519e+00
-5.760590e-01
2.551858e-01
3.490908e-01
-1.109850e+00
1.265007e+00
1.747419e-01
4.879765e-01
8.582985e-01
6.065062e-01
-3.052101e-01
-7.615096e-01
-1.620128e+00
-2.063997e-01
-2.254127e+00
-1.458292e+00
-3.529528e-01
-1.052847e+00
-1.369447e+00
2.064687e-01
-6.859136e-01
-1.664613e+00
3.647003e-01
-8.342333e-01
2.911668e-02
-1.660320e-01
-4.866799e-01
-3.637026e-01
1.926667e+00
1.376644e+00
6.308537e-01
1.366197e+00
2.227504e+00
-2.523896e-01
1.978674e+00
2.077940e-01
7.478831e-01
1.390381e+00
1.587356e-01
1.151783e+00
-6.919549e-01
-1.474699e+00
7.827922e-01
-1.494413e+00
-1.325749e+00
-2.135067e+00
-1.841297e+00
-1.286114e+00
-1.131275e+00
-1.041148e-01
-1.824859e+00
2.942326e-01
-1.456983e+00
-1.115500e+00
1.571452e-01
-1.421979e+00
9.546924e-02
1.040127e+00
-3.255546e-01
8.646978e-01
-6.229139e-01
1.110579e-01
-4.968465e-01
2.369952e+00
9.044343e-01
-2.863422e-01
1.034324e+00
1.796181e+00
1.062914e+00
1.403954e+00
5.561980e-01
9.780586e-01
1.493537e+00
-3.027232e-01
5.175810e-01
7.545492e-01
5.629394e-01
-7.376767e-01
-1.522539e+00
-1.000414e+00
-1.644717e+00
-1.965856e+00
3.419362e-01
-4.832348e-01
-1.028435e+00
1.367486e-01
-4.497113e-01
-1.295679e+00
2.450700e-01
-7.180135e-01
7.562002e-01
-4.757462e-01
-7.851909e-01
-6.338092e-01
1.995596e+00
9.928755e-01
-2.131063e-01
2.173228e+00
1.415460e+00
-2.166567e-01
2.223008e+00
-3.321955e-01
9.670919e-01
-6.678157e-01
1.328407e+00
-5.119318e-01
-1.220034e+00
5.532185e-01
-4.588448e-01
-1.868809e+00
-3.115752e-01
-2.477550e-01
-9.842344e-01
-2.281457e-01
1.066641e-01
2.236052e-01
4.983041e-01
1.440986e-01
4.079486e-01
-1.332727e+00
-1.166048e+00
-1.506998e+00
-1.812655e-01
-9.562355e-01
-4.640990e-01
8.637081e-02
1.417459e+00
9.249368e-01
1.601931e+00
2.338623e+00
1.255327e+00
1.264247e+00
9.476443e-01
1.027038e+00
2.282968e+00
9.849967e-02
-5.072022e-01
4.960349e-01
-8.333722e-01
-1.212014e+00
2.013428e-01
7.564297e-01
-1.672638e+00
-2.110673e+00
-2.294956e+00
-6.807261e-01
-1.318837e+00
-1.139363e+00
-2.173917e+00
-6.966933e-01
8.774343e-02
-1.553163e+00
-1.637651e+00
9.154557e-02
-9.558088e-01
-1.401875e+00
-1.006380e-01
1.663995e+00
3.159962e-01
1.214072e+00
1.580382e+00
1.868448e+00
6.343021e-01
2.216636e+00
2.654030e-01
2.263660e-01
1.704940e+00
8.074667e-01
1.871811e+00
-6.800035e-01
-1.868848e-01
8.914493e-01
-1.120131e+00
-1.519754e+00
-3.796608e-01
6.809482e-01
2.993631e-01
1.228149e-01
5.325810e-02
-1.025165e+00
1.325692e-01
-3.193740e-01
-1.023904e+00
-2.542514e-01
-9.356037e-01
-9.075732e-02
-1.674047e+00
1.000745e+00
1.162467e+00
1.295432e+00
9.615588e-01
-3.547687e-01
1.294572e+00
-3.839983e-01
7.085174e-01
1.758379e+00
2.059040e+00
-4.101037e-01
6.963329e-01
1.035033e-01
-5.657189e-01
8.303769e-01
-1.306423e-01
-3.638714e-01
6.618087e-01
-1.035443e+00
1.127101e+00
1.667477e-01
-1.836047e+00
9.178052e-02
-4.169514e-01
-2.181062e+00
3.557672e-02
-7.341418e-01
4.872031e-01
5.130315e-01
3.247800e-01
1.698773e-01
-2.096015e-01
-1.735776e+00
-5.423061e-01
5.814675e-01
-1.490740e+00
1.553786e+00
1.386198e+00
7.104487e-01
1.753546e+00
1.919735e+00
-5.772974e-01
4.209350e-01
9.343619e-01
6.636707e-01
1.782152e+00
5.354061e-01
2.399360e-01
1.510174e+00
5.954124e-01
3.916130e-01
3.428406e-01
-8.111667e-01
1.161070e+00
7.241268e-01
1.320046e-02
-2.111250e-01
-1.660751e+00
-3.702964e-01
-1.654862e+00
-5.052437e-01
3.996172e-01
-2.085826e+00
-1.357266e+00
-5.675661e-01
-3.269715e-01
-3.872243e-01
1.080296e+00
-1.140157e+00
1.311849e+00
-1.156547e+00
-1.042889e+00
-3.935800e-01
1.100526e+00
8.662767e-02
4.744865e-01
4.083254e-01
1.504481e+00
-2.160303e+00
-6.885336e-01
6.333283e-01
-1.203267e+00
-1.868201e+00
8.655628e-01
9.634875e-01
-1.358093e-01
-1.120135e+00
6.473855e-01
-7.455780e-01
3.532219e-01
6.884438e-01
1.654200e+00
7.724309e-02
-1.511606e-02
4.331933e-01
3.185088e-02
2.396617e-01
5.664802e-01
8.184280e-01
1.134915e+00
1.771512e-01
-1.114302e+00
2.074180e-01
6.581770e-01
1.860201e-01
3.366694e-01
3.348432e-01
-1.819182e+00
-1.341859e+00
-2.457729e+00
-2.383844e+00
-1.106011e-01
-1.314255e+00
-4.446856e-01
-1.027177e+00
-6.985842e-03
1.065221e-01
-8.236866e-01
-2.209756e-01
-8.164695e-01
-1.095934e+00
1.550919e+00
2.087473e+00
1.333096e+00
5.912541e-01
7.071975e-01
3.358304e-01
1.159372e-01
1.762160e-01
2.416812e+00
6.451904e-02
-4.282513e-01
1.581283e+00
9.045021e-01
1.693337e-02
1.929999e-02
3.129974e-01
-5.251508e-01
-1.549650e+00
5.005713e-01
-2.928203e-01
-1.156478e+00
2.434666e-01
6.428231e-02
-1.391085e+00
4.472691e-01
-4.260592e-02
-5.138150e-01
-9.854523e-01
-5.912548e-01
9.677066e-01
-3.977676e-01
2.976060e-01
-7.158974e-01
1.003940e-01
3.423797e-01
8.119119e-01
2.066257e+00
2.142610e+00
2.241302e+00
-7.617081e-02
1.304033e+00
-7.153795e-02
1.799668e+00
1.989850e+00
-5.099610e-02
1.585579e-01
-2.037029e-01
1.644901e-01
-1.434648e+00
-5.113201e-01
-8.964701e-01
-3.701809e-01
3.495274e-01
-3.271614e-01
-1.280246e+00
-1.244159e+00
-1.721269e+00
-2.258334e+00
-1.227705e+00
3.752481e-01
6.765088e-01
-9.320214e-03
-9.408589e-01
-1.459812e+00
-1.067735e+00
-9.494945e-01
3.872198e-01
1.006786e+00
6.535101e-01
-1.108881e-01
4.747749e-01
1.248897e+00
2.258709e+00
2.214353e+00
1.860837e-04
1.337629e+00
1.335374e+00
2.059104e+00
-1.757404e-01
2.210912e-01
1.272295e+00
5.757063e-01
6.120141e-01
-1.728053e+00
-8.694080e-01
4.176532e-01
2.840143e-01
-1.895666e+00
-2.212267e+00
-1.871683e+00
-2.139260e+00
-1.382210e+00
-1.368409e+00
-1.845596e+00
-8.199166e-01
-1.807882e+00
9.173003e-01
-6.525566e-01
3.158287e-01
3.328911e-01
7.976233e-02
1.090691e-01
1.884759e+00
1.199843e+00
1.409763e+00
-2.189773e-01
2.090998e+00
2.481523e+00
1.549122e-01
3.920897e-01
5.292962e-01
-4.155142e-01
1.623319e+00
3.876481e-01
-3.238574e-01
-1.466969e+00
2.965140e-01
-1.743247e-01
4.577925e-01
-7.475637e-01
6.629136e-02
-2.132189e+00
3.230993e-01
-2.048015e+00
-3.272585e-01
-6.386827e-01
-1.395802e+00
-9.958141e-01
-9.495665e-01
-3.707890e-01
-7.080008e-01
1.112010e-01
-3.558461e-01
8.218888e-01
-5.001789e-01
-6.738319e-01
2.150738e+00
9.199858e-01
7.655008e-01
1.167964e+00
2.397300e+00
1.921853e+00
-4.893585e-01
1.482899e+00
1.730490e+00
9.452012e-01
2.538484e-01
1.390350e+00
-9.682142e-01
-4.470208e-01
7.945493e-01
1.309628e-01
-1.518659e+00
-8.155512e-01
-5.665597e-01
3.548548e-01
-1.450193e+00
1.755881e+00
8.288213e-01
1.234766e+00
-5.324488e-01
2.280908e-01
-7.511514e-01
7.122854e-01
8.105644e-01
3.660982e-02
-1.236115e+00
5.172455e-02
-1.010087e+00
1.981469e-01
-3.245095e-01
-3.047132e-01
-9.901755e-01
1.968783e-01
-1.390804e+00
-2.071708e+00
-1.281062e+00
3.641730e-01
-8.855322e-01
9.087738e-01
-8.465441e-01
6.596619e-01
4.379842e-01
5.562056e-01
-4.616984e-01
-1.155377e-01
1.683060e-01
3.991662e-01
-1.229994e-01
2.120680e+00
1.154144e-01
1.260592e+00
-3.890088e-01
1.446770e+00
-7.873848e-01
9.576327e-01
-1.099080e+00
-3.077658e-01
-1.512148e+00
-1.168346e+00
-1.411066e+00
-1.806197e+00
-8.481380e-01
-3.470783e-01
-7.929461e-01
-2.052985e-01
1.329766e-01
-1.296713e+00
-1.368380e+00
-1.152586e-01
-1.005217e+00
-5.958381e-01
-1.292235e-01
-1.165399e+00
1.166097e+00
-9.719839e-01
1.753126e+00
-7.445172e-01
-7.718956e-02
2.018738e+00
-1.465870e-01
1.183143e-01
7.612377e-02
1.469383e+00
1.045014e+00
-4.286625e-01
-1.750496e-01
1.869533e+00
-7.788365e-02
-1.278049e-01
-2.899368e-02
9.260560e-01
-8.938127e-02
-1.839385e+00
9.607411e-01
-1.082482e+00
-1.329927e+00
-5.460976e-01
1.992575e-01
-1.045700e+00
-1.852287e+00
-1.376603e+00
-2.258636e+00
-2.014749e-02
-5.054888e-01
-1.377404e-01
6.663220e-01
9.693167e-01
-6.067832e-01
-3.484434e-01
1.440282e+00
7.142916e-01
1.139558e+00
-1.364190e-01
1.579969e+00
2.238432e+00
-4.843657e-01
-1.984044e+00
-1.748329e-01
-1.302715e+00
-1.109047e+00
-8.055504e-02
-9.303657e-01
-1.507989e+00
-5.641649e-01
-9.066241e-01
-4.235634e-01
-9.115546e-01
4.465016e-01
4.867642e-01
1.256792e+00
-5.044426e-02
2.113397e-01
-3.455559e-01
1.665503e+00
1.074522e+00
1.320934e+00
1.543028e+00
8.768388e-01
4.559955e-02
-5.141510e-01
1.205613e+00
-6.304051e-01
8.799756e-01
-1.986816e+00
4.687905e-01
-1.459981e+00
-8.461013e-01
-2.096763e+00
-4.792046e-01
-1.679478e+00
-2.954225e-01
-2.293885e+00
-2.937325e-01
-2.012372e+00
-1.941544e+00
-8.994169e-01
1.108819e-01
-1.411618e+00
-1.137367e+00
-3.716109e-01
-3.427423e-01
1.071012e+00
1.267852e+00
2.015339e+00
3.848442e-01
1.393803e+00
2.254217e+00
7.306922e-01
-1.237971e-01
6.565679e-01
-6.807173e-01
5.859855e-01
-1.193099e-01
-2.221804e-01
1.028621e+00
-1.074780e-01
2.949679e-01
-1.460522e+00
-1.663513e+00
-8.323772e-01
-1.275563e+00
-1.325155e+00
4.502027e-01
-3.475598e-01
-8.604818e-01
-9.128232e-01
-1.274133e-01
2.833758e-01
-8.452596e-01
-1.656070e+00
-8.600824e-01
-5.783745e-01
1.293281e-01
-9.232351e-02
1.560290e+00
1.319067e+00
2.274572e-02
1.351114e+00
2.037798e+00
6.513459e-01
1.779301e+00
3.037335e-01
1.033444e+00
2.117972e-01
-3.294766e-01
7.363940e-01
1.091943e+00
1.230276e+00
1.137128e+00
-1.152232e+00
-1.221410e+00
-4.164776e-01
-2.893554e-01
-7.170013e-01
-1.410507e+00
-6.579277e-02
-4.183125e-01
2.195178e-01
-2.074778e+00
5.018661e-01
-1.217870e+00
-1.846724e+00
2.501067e-01
-7.506314e-01
4.664640e-01
-7.298529e-01
1.323979e+00
-2.333326e-01
6.818363e-01
-1.293893e-01
-1.988962e-03
2.072642e+00
1.640212e+00
6.041752e-02
7.431569e-01
2.261781e+00
1.701000e+00
6.532979e-02
2.920737e-01
-4.010116e-01
1.495386e-02
9.712628e-01
7.082651e-01
-1.929292e+00
-6.387873e-01
3.600760e-02
-6.850431e-01
-2.378007e+00
-1.982431e+00
7.934588e-02
-6.233751e-01
4.863964e-01
4.902894e-02
5.730517e-01
-4.454821e-01
2.379187e-01
6.920091e-01
5.423880e-01
3.676036e-01
-4.621371e-01
-1.107645e-01
1.263325e+00
1.147331e+00
2.330592e+00
-4.711575e-01
2.418232e+00
1.116973e+00
1.363211e+00
8.485404e-01
3.241150e-01
1.396031e+00
-5.549999e-01
-3.512449e-01
2.715638e-01
-8.227060e-02
-1.373710e+00
-3.304543e-01
3.375440e-01
-7.144587e-01
-1.393050e+00
-2.239904e+00
-9.055269e-01
-2.077124e+00
-2.460518e+00
-1.610706e+00
3.889698e-01
-7.503623e-02
-1.435962e+00
8.552516e-01
1.342949e-02
1.169091e+00
-1.210260e+00
-4.415276e-01
8.129873e-01
-3.624847e-01
2.243085e+00
2.876444e-01
1.952878e+00
-2.470195e-02
1.090111e-01
1.333572e+00
9.334067e-01
1.277435e+00
1.031683e+00
-4.243032e-01
5.765585e-01
1.362016e+00
6.661864e-01
1.195395e+00
-2.969155e-01
-1.980365e+00
4.519433e-02
-2.239184e+00
-1.308904e+00
4.053901e-01
-8.230634e-01
-1.667102e+00
-8.062658e-01
-1.134116e+00
-3.399347e-01
-6.915272e-02
-1.286664e+00
-1.271597e+00
5.088592e-01
3.860831e-01
-7.410377e-01
-1.277817e-01
1.740160e-01
8.647465e-01
6.903054e-01
2.080579e+00
7.386996e-01
1.597545e+00
-2.896700e-01
-4.189923e-01
5.051624e-01
1.952814e+00
1.087748e+00
1.552297e+00
5.963029e-01
8.660026e-01
-1.363929e-01
-9.055755e-01
-1.627458e+00
-9.438653e-01
-7.221197e-01
-2.442274e-01
-1.187785e+00
3.717387e-01
-1.091769e+00
-8.187639e-01
-2.656193e-01
2.915955e-01
-6.305760e-01
2.878075e-01
-1.495167e+00
7.227087e-01
8.972994e-02
-1.228291e+00
-7.805522e-01
1.782262e+00
3.164156e-01
1.325839e+00
4.724765e-01
-4.793912e-01
2.196410e+00
2.451464e+00
-4.672067e-01
1.572865e+00
-2.230980e-01
1.985501e+00
-5.121171e-01
2.269934e-01
3.872325e-01
-1.281449e+00
-1.229358e+00
-5.486670e-02
-4.926282e-01
-5.184994e-01
-1.942813e+00
-1.673148e+00
-4.179496e-01
-8.844039e-01
-1.527038e+00
3.866919e-01
1.289589e-01
7.767162e-01
3.062563e-02
-1.455396e+00
-8.465109e-02
9.297249e-01
9.329942e-01
1.746666e+00
6.683641e-01
-4.424132e-01
1.660618e+00
4.116923e-01
-3.310452e-01
2.135929e+00
5.811613e-01
1.040646e+00
1.608374e+00
-4.042718e-02
3.185932e-01
1.295008e+00
7.942744e-01
1.561034e+00
2.354793e-02
-1.708318e+00
-4.904080e-01
-2.081952e+00
-1.138322e+00
-1.247444e+00
-3.099556e-01
-1.403742e+00
-1.196715e+00
-3.734963e-01
7.257961e-01
8.149272e-01
1.525160e-01
1.712865e-02
1.821247e+00
-1.055940e+00
-7.600382e-01
-8.576630e-02
1.189106e-01
-1.766022e+00
2.485800e-01
-3.548238e-02
-2.277658e+00
-7.694289e-01
-8.288050e-01
-2.457857e-01
-5.284729e-01
-1.692113e+00
-1.679856e+00
-9.633871e-01
4.382080e-01
-6.381517e-01
1.860702e-01
1.365288e+00
1.497199e+00
-6.489316e-01
1.433674e+00
1.288274e+00
-3.665914e-01
1.851773e+00
1.339142e+00
-4.731225e-01
1.150113e+00
9.889004e-01
1.587042e+00
1.162143e-01
1.478617e+00
2.674263e-01
1.477867e+00
-1.321565e+00
1.393635e+00
-3.958550e-01
3.321811e-01
2.931644e-01
6.541475e-01
-1.778718e+00
-2.568382e-01
-2.639715e-01
-1.807576e+00
-1.781783e+00
-2.062208e+00
2.301940e-01
3.854878e-01
8.147407e-01
-1.028044e+00
6.417290e-01
5.356166e-01
-4.989940e-01
5.373686e-01
1.568297e+00
4.374247e-01
5.123078e-01
1.931360e-01
2.410576e+00
1.336964e+00
-8.376865e-02
-4.403792e-01
-7.436025e-02
5.756910e-01
-1.824794e-01
1.932003e+00
-3.946772e-01
5.971339e-01
2.395351e-01
-1.521021e+00
2.805082e-01
-6.804008e-01
-2.113513e+00
-2.541256e-01
-1.261393e+00
-2.186126e+00
-1.139746e+00
-2.049141e+00
-2.183839e+00
-1.835729e+00
-2.148607e+00
-5.057318e-01
2.364963e-03
4.470329e-01
-1.586727e-01
7.890433e-01
1.675236e+00
1.143989e+00
6.261469e-01
9.528624e-01
3.655442e-01
5.407943e-02
2.391418e-02
2.219564e+00
-1.470379e+00
-3.641321e-01
3.458703e-01
1.123768e-01
-8.619843e-02
7.631128e-01
-1.433089e-01
-3.984621e-01
-6.269597e-01
7.943014e-01
-2.048916e-01
-3.893521e-01
-5.390121e-02
1.343082e+00
1.080879e-01
2.204664e-01
-3.155905e-01
-1.649648e-01
2.274559e+00
1.213069e+00
1.170905e+00
3.563820e-01
2.203041e-01
-8.593886e-01
-1.102872e+00
4.986162e-01
-8.692363e-01
-1.266660e-01
-1.520611e+00
-7.100406e-01
-7.223399e-01
-9.127373e-01
-1.702505e+00
6.318319e-02
-5.680394e-01
-8.178092e-01
-1.973232e+00
8.137348e-01
9.334989e-02
-5.626089e-01
-7.592925e-01
-1.157550e+00
6.912196e-01
1.616218e+00
-3.129808e-01
5.845308e-01
8.629022e-01
1.530266e+00
-5.117840e-01
1.897724e+00
1.793348e+00
1.068778e-01
1.627719e+00
3.320242e-01
1.103953e+00
1.640180e-01
-8.408934e-01
3.786159e-01
-9.929653e-01
-9.549300e-01
5.465862e-01
-1.978544e+00
-2.139050e+00
-9.099943e-01
-1.179079e+00
-1.225349e+00
-1.147169e+00
-1.986789e+00
2.502706e-01
-1.661974e+00
-9.877432e-01
5.776813e-02
9.818253e-01
-6.087484e-02
2.814748e-01
-5.699732e-01
1.261141e+00
2.408393e-01
1.648307e-01
6.122116e-02
1.541337e+00
4.094376e-01
1.650999e+00
1.415341e+00
1.590976e+00
-3.731563e-01
1.220002e-01
1.086002e+00
6.833202e-01
1.787716e+00
-4.490693e-01
8.600061e-01
7.861209e-02
-1.879028e+00
-8.290417e-01
-1.019377e+00
-5.192899e-01
-9.913007e-01
3.811966e-01
1.798159e-01
-7.812085e-01
-1.957198e+00
6.261910e-01
-7.671429e-02
-1.785063e+00
9.058471e-01
-5.096020e-01
2.456272e-01
-5.130361e-01
-9.727044e-03
5.903644e-01
-1.561107e-01
1.581509e+00
1.852094e+00
2.381271e+00
1.169410e+00
-3.488554e-01
1.770054e-01
2.127647e+00
1.452163e-01
4.267258e-01
-9.608899e-01
-6.472494e-01
6.647697e-02
-1.339770e-01
-1.625459e+00
-3.108032e-01
4.636345e-01
-1.294298e+00
-6.758464e-02
3.178878e-01
-1.641097e+00
-9.184835e-01
-1.270059e+00
-7.310830e-01
2.043466e-01
-1.995460e+00
-1.576022e+00
9.900730e-01
-2.798034e-01
-6.382091e-01
-3.933542e-01
-3.416338e-01
5.595989e-01
-2.392281e-01
1.778519e+00
4.912149e-01
2.870911e-01
1.308509e-01
1.192407e+00
1.324271e+00
3.918332e-01
1.059144e+00
-6.627301e-01
1.464083e+00
2.113188e-01
1.359388e-01
1.340084e+00
3.558815e-01
9.149242e-01
3.047226e-02
-7.656717e-01
-1.237244e+00
-1.055111e+00
-2.067036e+00
5.396371e-02
-2.053498e+00
-9.863054e-01
-5.277829e-01
-8.326682e-01
-8.027396e-01
-3.992524e-01
-2.698449e-01
-4.347619e-01
-7.860013e-01
2.898845e-01
1.328950e+00
-6.290843e-01
1.201576e-01
1.701111e+00
4.271857e-01
8.731236e-01
9.840430e-01
8.958103e-01
6.385190e-01
-5.206173e-01
3.540368e-01
5.226219e-01
-2.950009e-01
-6.021457e-02
1.432453e+00
1.395344e+00
-1.064868e+00
-1.351572e+00
-1.854480e+00
-6.148267e-01
-5.435399e-01
-1.511819e+00
2.568489e-01
-2.337004e-02
-2.101309e+00
-1.793087e+00
-1.648718e-01
-1.510966e+00
-7.611478e-01
7.944480e-01
-3.782846e-01
3.836405e-01
1.685004e-01
1.763573e+00
2.031328e-01
1.486558e-01
2.160113e+00
7.576541e-01
5.695001e-01
2.467384e+00
2.644147e-01
1.158867e-01
1.296715e+00
2.902451e-01
1.952664e+00
1.202495e-01
1.314088e+00
1.034438e+00
-2.344361e-01
8.357406e-01
7.590424e-01
-1.250550e+00
2.015680e-01
5.267740e-01
-7.999240e-01
-8.935470e-01
-1.114036e+00
-1.640305e+00
-5.068408e-01
-2.283908e+00
-1.272444e+00
-1.755594e+00
7.868094e-02
9.626375e-01
-2.784441e-01
7.288660e-01
-6.579552e-02
2.208129e-01
7.642679e-02
3.857163e-01
8.715996e-01
5.351731e-01
1.203922e+00
4.155996e-01
1.301117e+00
1.795594e+00
-1.765923e-01
1.063631e+00
-2.675754e-01
1.708433e-01
-3.344970e-01
1.535408e+00
-4.193579e-01
2.022740e-01
-1.453906e+00
-1.517737e+00
-3.297523e-01
-1.192578e+00
-1.963747e+00
-1.344309e+00
-1.508432e+00
-5.329490e-01
-1.129863e+00
-1.673625e+00
-1.007100e+00
1.291537e-01
-4.248487e-01
1.110457e+00
8.204402e-01
-1.226518e+00
-9.660991e-01
4.848118e-01
4.169561e-01
7.951906e-01
1.155821e+00
-3.435025e-01
1.400661e+00
3.068135e-01
2.181742e-01
2.287763e+00
1.738573e+00
1.704238e+00
-9.782974e-01
-6.395140e-01
1.563679e+00
9.817964e-01
-1.502837e+00
-1.513379e+00
-1.172269e+00
-9.038688e-01
-7.713298e-01
-1.992336e+00
-7.219597e-01
9.555455e-02
2.469306e+00
2.027063e+00
3.505632e-01
4.314330e-01
-5.179165e-01
-6.568270e-02
1.563089e+00
-4.913539e-02
-1.325694e+00
5.150267e-01
-1.809947e+00
-1.896815e+00
-2.251774e+00
2.953744e-01
-6.195524e-01
-3.587226e-01
-5.835446e-01
-2.556596e-01
-1.024568e+00
-7.648011e-01
-2.896725e-01
3.389987e-01
-9.363275e-01
-1.658157e+00
-2.197209e-01
-1.481636e-01
1.794059e+00
3.433901e-01
1.824072e-01
7.886631e-01
1.203030e+00
7.149970e-01
1.690950e+00
1.027857e+00
4.147682e-01
1.917759e+00
1.980444e+00
-4.796781e-01
3.848929e-02
1.185818e+00
-3.357610e-01
6.692901e-01
-1.278818e+00
1.262378e-01
-1.945899e-01
1.206546e-01
-1.385320e+00
-7.210799e-01
-2.035773e+00
-1.775527e+00
4.620446e-01
1.748525e-01
-4.524879e-01
-4.043619e-01
4.054099e-01
-2.730518e-01
6.274046e-01
9.659358e-01
1.488322e+00
1.082864e+00
-4.376047e-02
4.186527e-01
1.368996e+00
1.764457e+00
9.748289e-01
-4.958336e-01
2.185122e+00
2.206976e-03
1.781339e+00
1.477240e+00
3.815621e-01
1.925857e+00
9.654957e-02
7.283522e-02
1.286020e+00
2.048868e-01
1.601961e-01
-1.727548e+00
-7.768776e-01
-2.335106e-01
-1.828662e+00
-1.187836e+00
-1.965963e+00
-1.591282e+00
-1.087124e+00
-1.954233e+00
-1.600098e+00
-1.387643e+00
8.529684e-01
-1.404027e+00
-9.128712e-01
-8.611876e-01
2.798847e-01
-8.634708e-01
-8.177533e-01
2.308213e-01
4.425598e-01
9.931832e-02
3.531107e-01
1.202348e+00
-2.664086e-01
1.337425e+00
9.410800e-01
2.706558e-02
1.828087e+00
1.167109e+00
1.277562e+00
-4.390988e-01
5.314353e-01
-7.078589e-01
1.068115e-01
-7.877692e-01
-9.940838e-01
-5.553579e-01
-3.616954e-01
-1.878666e+00
-2.249698e+00
-7.823402e-01
-1.234891e+00
-1.566824e+00
-1.701109e+00
-2.161419e-01
1.088763e+00
-4.763358e-01
-6.304185e-01
3.345754e-01
-8.945570e-02
-1.606422e-01
1.764134e+00
5.351054e-01
1.470581e+00
1.193535e+00
1.578117e+00
1.058848e+00
2.112555e+00
4.512646e-01
1.949172e+00
-3.247721e-01
1.349210e+00
-2.191940e-01
6.635175e-01
7.492860e-01
9.219923e-01
-1.553222e+00
-1.102536e-01
-2.078477e-01
-8.595208e-01
-1.307778e-01
4.842898e-02
-1.500273e-01
6.353499e-02
-2.326979e+00
-6.402487e-01
-1.727700e+00
-6.448331e-01
7.222619e-01
2.888997e-01
1.398545e+00
-7.139084e-01
-1.008810e-01
1.904999e+00
3.099957e-01
-9.958131e-02
1.559484e-01
8.214895e-01
1.714126e+00
2.188301e+00
6.682678e-01
4.552147e-02
5.326118e-01
1.544919e+00
4.715864e-01
1.560935e+00
-3.114158e-01
-2.928538e-01
-4.289718e-01
-1.397961e+00
-9.095925e-01
-1.303217e+00
6.030048e-01
-2.342110e+00
-8.846917e-01
-1.397887e+00
-1.095630e-01
-1.487859e+00
-2.153389e+00
-1.402811e-01
-1.643136e+00
5.403687e-01
-7.551223e-01
1.337429e+00
-1.004001e+00
-8.603131e-01
-5.661510e-01
-8.890559e-01
1.773206e+00
8.937836e-01
9.195898e-01
6.974365e-01
1.208286e+00
2.224383e+00
2.315876e+00
1.699542e-01
1.320506e+00
1.231693e+00
7.358864e-01
7.993880e-01
9.236983e-01
-7.211010e-01
4.924291e-01
-1.204558e+00
4.026821e-01
5.594628e-01
-6.837242e-01
-1.444994e+00
-2.326628e+00
-1.895263e+00
-2.426021e+00
-9.986911e-01
6.620500e-01
2.112723e-01
-1.604793e+00
-6.753165e-01
1.498280e-01
-1.338868e+00
-4.470573e-01
4.359338e-01
1.217236e+00
1.340043e+00
3.465928e-01
7.222425e-01
-1.747237e-01
1.211286e+00
2.016363e+00
-5.042028e-01
-9.443344e-02
8.055033e-01
6.558829e-01
6.233592e-01
8.014916e-01
1.239888e+00
-1.073969e+00
-1.480669e+00
-4.065050e-01
-4.829861e-01
-1.419234e+00
-3.972882e-01
-2.813270e-02
-1.048563e+00
-1.865142e+00
2.157698e-01
-2.359634e-01
-2.484643e-01
5.863243e-01
-2.994201e-01
1.003617e+00
-7.193170e-01
5.676511e-01
1.955276e-01
-2.927064e-01
1.088772e+00
1.610721e+00
1.819822e+00
-4.230133e-01
3.654663e-01
1.165758e+00
5.685558e-01
1.174451e+00
1.008841e+00
4.168764e-01
-1.224948e-01
1.480150e+00
-1.779352e-01
-1.350954e-02
9.270443e-02
-1.447210e+00
-3.366873e-01
2.164999e-01
-1.819526e+00
1.773587e-01
-3.445259e-01
-1.934002e+00
-1.292550e+00
-9.254317e-02
-1.908867e+00
-1.715509e+00
-3.919633e-01
-1.952312e+00
-8.970364e-01
-1.193309e+00
-9.750730e-01
-1.351207e+00
8.343453e-01
1.902814e+00
-2.519704e-01
5.609368e-01
5.020229e-01
1.220992e+00
1.120449e-02
1.845937e+00
-2.091082e+00
3.916700e-01
-1.038305e+00
-5.883331e-01
-1.483220e+00
-6.140317e-01
4.216522e-01
-5.592991e-01
1.025933e+00
-3.517755e-01
-8.159912e-01
-1.152659e-01
1.273742e+00
1.580048e+00
8.726038e-01
1.618871e+00
2.331034e+00
2.252147e+00
2.241021e+00
1.761330e+00
1.188401e+00
5.097817e-02
-9.563497e-01
-6.438872e-01
1.181023e+00
-1.011014e+00
-1.185658e+00
-2.139863e-01
5.115237e-01
-7.507088e-01
-8.971546e-01
2.486202e-01
3.263570e-01
-1.269638e+00
-2.079927e+00
-1.292980e+00
3.617046e-01
-6.996208e-01
-8.680985e-01
8.816992e-01
-6.576858e-01
-1.211698e+00
-1.113744e-01
1.038603e+00
3.658971e-01
-2.950464e-01
5.871950e-01
5.724893e-01
-4.354725e-01
1.310407e+00
1.881557e+00
9.642476e-01
8.432722e-01
2.301703e-01
1.821904e+00
-4.878431e-01
-2.512297e-01
4.989390e-01
1.171722e+00
5.103380e-01
9.017251e-01
-3.762769e-01
-1.423431e+00
2.655670e-01
4.346812e-01
-3.543299e-01
-1.921467e+00
-5.463607e-01
-2.335220e+00
4.544507e-01
8.150253e-03
-1.312952e-01
7.587448e-01
5.805559e-01
5.102016e-01
2.602697e-01
2.210057e-01
-4.040614e-01
-4.193241e-01
1.450105e+00
-1.432279e-01
-9.154007e-02
-3.401163e-01
6.336038e-01
1.729653e-01
1.665181e+00
1.983452e+00
8.565404e-01
-4.065219e-01
1.402531e-01
-9.226954e-01
-1.292938e+00
4.721477e-01
-6.601587e-01
-9.272507e-01
-1.206683e+00
3.445910e-01
-7.577999e-01
-7.996712e-01
-1.019275e+00
1.254095e-01
-2.230299e+00
-1.084042e+00
-6.233898e-01
6.458882e-01
-3.369032e-01
3.355989e-01
3.416893e-01
-4.624650e-01
-1.173535e+00
1.133986e+00
-8.539847e-01
1.465305e+00
1.975745e+00
8.338629e-01
-5.376042e-03
1.339351e+00
-1.721817e-01
-3.257114e-02
1.022879e+00
1.098580e+00
-5.983709e-01
2.547141e-01
4.303516e-01
1.216448e+00
-3.915487e-01
7.650329e-01
-7.456963e-01
-2.837877e-01
4.766919e-01
-8.525151e-01
-2.452668e+00
4.423728e-01
-2.206986e+00
-2.415151e+00
-1.930278e-01
-2.087845e+00
-1.315546e+00
-1.711066e-01
-2.387328e-01
-1.129676e+00
-7.023617e-01
-5.381924e-01
1.710772e+00
1.525394e+00
-5.037693e-01
-1.243955e-01
1.692475e+00
3.298663e-02
7.812487e-01
1.623734e+00
2.954472e-01
1.107452e-02
1.280448e+00
6.863593e-01
-7.627429e-01
-3.226841e-01
2.349216e-01
8.042080e-01
8.714208e-01
-1.648776e+00
-1.775615e+00
-1.385217e+00
-1.184531e+00
-7.563839e-01
-2.891182e-01
-2.915549e-01
3.047996e-01
-5.086822e-01
6.302555e-01
-6.800248e-01
-1.716079e+00
3.368570e-01
4.051281e-01
3.089276e-01
5.967442e-01
4.905304e-01
1.678993e-01
2.967267e-01
-2.063898e-01
1.899913e+00
8.641222e-01
1.083967e+00
2.076841e+00
2.356595e+00
5.156013e-01
1.168958e+00
4.195355e-01
-7.140155e-01
-4.023986e-01
9.705345e-01
-1.037565e+00
3.936694e-01
-1.331096e+00
3.284088e-02
-1.260950e+00
9.329998e-02
4.183553e-01
2.718727e-01
-8.713228e-01
2.125478e+00
2.269279e+00
6.639582e-01
1.875068e+00
5.833488e-01
-8.116739e-01
6.020825e-01
5.485735e-02
1.202002e+00
5.602589e-01
-6.845610e-01
-1.050751e+00
-1.836310e+00
-1.454787e+00
-7.973675e-01
-6.388268e-01
-1.688521e+00
-2.003447e+00
-2.156205e+00
1.617713e-01
-1.454426e+00
7.789711e-01
6.964519e-01
3.805488e-02
-1.351470e+00
-1.047097e+00
1.368670e+00
1.196941e+00
1.709899e+00
1.743621e+00
6.921556e-01
1.539714e+00
1.702100e+00
7.744554e-01
2.104162e-01
9.911363e-01
7.507490e-01
-9.342037e-02
8.004821e-01
-8.339456e-01
-5.319035e-01
8.568985e-01
7.063405e-01
-2.054240e-01
-1.909164e-01
5.008782e-01
-2.582024e-01
-1.912087e+00
-2.375582e+00
7.230108e-02
-1.849164e+00
-5.668229e-01
5.752527e-01
-1.916048e+00
-2.451656e-01
-6.084715e-01
8.473364e-01
-6.709477e-02
9.672814e-01
-1.105507e+00
3.895239e-01
-4.878920e-01
-3.193485e-01
1.875705e+00
4.927988e-01
1.021544e+00
2.103263e+00
9.671874e-01
9.301265e-01
9.139741e-01
-2.437711e-02
-9.014718e-02
1.615651e+00
7.596357e-01
-6.245640e-01
-9.398697e-01
5.058167e-01
-9.936827e-01
-1.014946e-01
-8.053043e-01
-1.987625e+00
-1.605920e+00
4.463619e-01
1.613986e-01
-6.780106e-01
-1.739862e+00
-1.703718e+00
-8.036197e-01
8.131683e-01
-1.753453e+00
6.454138e-01
1.275793e+00
-6.494313e-01
1.812207e+00
-4.251635e-01
1.073049e+00
1.177555e+00
1.635413e+00
3.044851e-01
-1.867998e-01
9.399108e-01
1.010726e+00
9.500313e-02
4.656045e-01
8.735866e-01
1.626292e+00
5.994430e-01
-7.043383e-01
8.952424e-01
1.226664e-01
9.960174e-01
-7.005387e-01
-2.186809e-01
-2.142175e+00
-1.613437e+00
-2.237890e+00
-3.602131e-01
-1.411777e+00
-8.805896e-01
2.852909e-01
-8.300162e-01
-1.786762e+00
-3.568314e-01
2.130033e-01
2.753609e-01
1.136725e-01
2.255395e-01
2.346787e-01
-7.890479e-01
2.232119e+00
1.604980e+00
2.063365e+00
2.243768e+00
9.266778e-01
1.344161e+00
6.977012e-01
2.235089e+00
-5.985844e-01
6.600284e-01
1.291970e+00
5.672723e-01
-1.041524e+00
-1.374485e+00
8.821212e-01
4.839852e-03
-1.087821e+00
-1.029047e+00
-9.618174e-02
-1.663617e+00
-2.336073e+00
-1.376504e+00
4.695761e-01
3.920269e-01
-4.610409e-01
-1.431312e+00
-1.026670e+00
-2.427794e-01
8.050917e-01
-1.259742e+00
8.152054e-01
-1.607477e-01
1.241394e-01
8.285983e-01
1.740110e+00
1.226351e+00
1.985666e+00
1.461035e+00
5.026604e-02
-5.632071e-02
-6.000273e-01
8.371899e-01
8.698947e-01
-6.498514e-01
-6.006885e-01
-7.861563e-01
-5.768073e-01
-5.734658e-01
1.954151e-01
4.922694e-01
-4.366566e-01
-2.121419e+00
-5.816458e-01
-1.702539e+00
-2.175741e+00
-1.646887e+00
7.702982e-02
5.445706e-01
7.809614e-01
-1.528541e+00
-9.362546e-01
1.183919e+00
-1.406724e+00
1.213533e+00
1.652930e+00
2.037951e+00
-3.860592e-01
1.344082e+00
-6.706822e-02
6.837984e-01
-2.026838e-01
-1.482364e-01
-1.231885e+00
-1.586154e+00
-2.001480e-01
-1.051258e+00
9.747166e-01
-1.160914e+00
1.196030e+00
4.266782e-01
-3.776731e-01
-3.144070e-01
-7.744861e-01
1.979100e+00
1.508827e+00
1.024667e+00
-2.033337e-01
1.700873e+00
2.112731e+00
1.386141e+00
8.744828e-01
1.577678e+00
-8.219152e-01
1.589943e+00
9.342452e-01
-3.940179e-01
5.957097e-01
4.026057e-01
-4.646879e-02
1.946888e-01
-1.764871e+00
-3.599989e-01
-1.943763e+00
-1.165982e+00
-1.581400e+00
-1.047800e+00
-1.591453e+00
2.293237e-01
3.291579e-01
2.898961e-01
6.578956e-01
-5.847641e-01
-1.886279e-01
1.446997e-01
1.063487e+00
8.113237e-01
-4.699429e-01
1.924884e+00
6.434563e-01
1.551590e+00
8.002874e-01
1.916949e+00
7.596269e-01
1.497580e+00
1.493607e+00
6.780603e-01
1.169616e-01
1.728726e+00
6.602496e-01
-4.333589e-01
1.005882e+00
-1.743751e+00
8.325792e-01
-9.190772e-01
-1.819526e-01
-9.040644e-01
-1.461477e+00
-1.897408e+00
-8.924346e-01
-2.218159e+00
1.785147e-01
-1.371237e+00
-1.942304e+00
-6.989736e-01
-1.429646e-01
-1.821808e-01
-5.230436e-01
-4.454512e-01
1.230438e+00
3.038899e-01
1.204988e+00
2.015786e-01
7.376320e-01
-2.037793e-01
-4.603698e-01
-2.643312e-02
-6.145102e-02
1.468875e+00
1.174356e+00
-1.055834e-01
1.423535e+00
9.114769e-01
-6.742731e-01
4.255892e-01
6.974825e-01
-5.438229e-01
-4.455721e-01
-1.521015e+00
1.856369e-01
-1.473034e+00
2.380538e-01
1.581853e+00
1.239643e+00
-1.504760e-01
1.068623e+00
-1.038797e-01
1.210174e+00
7.986910e-01
2.686354e-01
5.394311e-01
-1.382313e+00
-1.502067e+00
-1.823043e+00
-2.423790e-01
4.168356e-01
-1.567924e+00
6.057299e-02
-6.194321e-01
-2.245690e+00
5.069964e-01
-8.103943e-01
-9.216310e-01
-1.936308e+00
4.496271e-01
-1.060099e+00
7.225333e-01
1.157205e+00
-9.303261e-01
1.273611e+00
1.679476e+00
2.002746e+00
1.031500e+00
1.954136e+00
2.119250e-01
6.213593e-01
2.472821e-01
1.945408e+00
2.037778e-01
2.578091e-01
-4.766453e-01
6.362663e-01
3.059433e-01
-8.658274e-01
3.786276e-01
-1.036662e+00
-1.025952e+00
-1.628332e+00
-1.130190e+00
-1.517061e+00
-2.632204e-01
-6.150146e-01
-1.535124e+00
-1.021111e+00
-1.922177e+00
-9.649718e-01
-3.766327e-01
2.741784e-01
2.046183e-01
-1.282790e+00
1.373243e+00
8.424563e-01
2.313595e-01
-8.430282e-01
5.192825e-01
1.002263e+00
6.404391e-01
1.920322e+00
1.061381e+00
5.822754e-01
5.505741e-01
9.406249e-01
2.883428e-01
-4.075940e-01
-1.020077e+00
4.472337e-01
5.681584e-01
1.012759e+00
6.391171e-02
2.587599e-01
6.786835e-01
-2.064788e+00
-9.313744e-01
4.378005e-01
-1.485372e+00
-2.176588e+00
-1.092044e+00
1.135111e-01
-1.904870e+00
-3.595952e-01
7.728622e-01
8.987677e-01
-3.133185e-01
1.388362e-01
-6.326435e-01
-2.952429e-01
7.498970e-01
-2.292270e-01
3.682026e-01
1.735308e+00
1.651730e+00
1.774683e+00
2.108157e+00
1.757235e+00
1.667079e+00
-1.146852e-02
1.001420e+00
1.680283e-01
-6.469529e-01
-1.312872e+00
3.484005e-01
5.909549e-01
-1.620022e+00
-9.201705e-01
-1.095304e+00
-4.156494e-01
-2.054287e+00
-1.973425e+00
-5.040662e-01
-1.555282e+00
-1.511609e+00
3.459008e-01
-8.553687e-01
4.680862e-02
2.759421e-01
-1.359417e+00
3.987668e-01
-8.260976e-01
3.597759e-02
2.422102e-01
1.917831e+00
2.618941e-01
8.779070e-02
1.699153e+00
-3.111202e-01
6.024504e-01
1.466239e+00
1.164103e+00
1.092824e+00
1.300981e+00
1.619778e+00
-1.176693e+00
7.840297e-01
-5.862851e-01
1.080370e+00
-1.737332e+00
-1.661015e+00
-1.794733e+00
-7.753675e-01
-1.428001e+00
1.103611e-01
3.950088e-01
-2.014445e-01
1.406728e-01
-3.049194e-01
3.708966e-01
-6.024626e-01
-1.370730e+00
-1.939316e-01
4.100985e-01
-7.170324e-02
1.402292e+00
1.979278e+00
9.137709e-01
1.383260e+00
1.665444e+00
1.982629e+00
7.971925e-01
1.742802e+00
1.210502e+00
-5.187856e-01
1.208497e+00
1.876577e+00
-2.238075e-01
1.499050e+00
1.300453e+00
6.713791e-01
-8.812572e-01
9.321384e-01
-1.922731e-01
-1.195301e+00
1.023846e-01
-1.969367e+00
-2.093764e+00
2.424999e-01
-1.914358e+00
-6.793225e-01
-1.751036e+00
-8.283301e-01
-4.653260e-01
7.118888e-01
-3.897892e-01
7.518933e-01
-8.762844e-01
7.712348e-01
1.580526e-01
1.698041e+00
3.907477e-01
2.336584e+00
1.723001e+00
2.463518e+00
1.857453e+00
-1.488990e-01
2.130509e-01
-1.104580e+00
-9.019913e-01
-1.613662e-01
-7.749448e-01
3.587337e-01
-5.096447e-01
4.050920e-01
1.096635e+00
-5.257898e-02
1.702988e+00
-7.267856e-01
6.133609e-01
1.136504e+00
7.311215e-01
1.221540e+00
2.347315e+00
-3.487160e-01
-3.835412e-01
1.202722e+00
1.968273e+00
6.738207e-01
8.724433e-01
-4.070412e-01
5.242485e-01
-1.705466e+00
-5.575311e-01
-9.225431e-01
-1.051505e+00
-2.131572e+00
-1.265086e+00
-4.608165e-01
-7.866153e-01
-1.600747e+00
-1.416953e+00
-2.159802e+00
-7.501231e-01
9.482087e-02
-1.528810e+00
-2.594687e-01
-5.712213e-01
3.525512e-01
7.441061e-01
-5.727993e-01
2.190983e+00
4.111375e-01
-3.503398e-01
1.759789e+00
6.765664e-02
7.304600e-01
-4.991825e-01
1.366828e-01
2.202917e+00
8.758273e-01
5.206029e-02
-5.491170e-01
-6.205003e-01
7.267083e-01
-1.519754e+00
-1.533617e+00
7.922567e-02
5.879545e-01
-2.001385e+00
-1.297010e+00
-2.091153e+00
-1.853122e+00
3.284279e-01
-1.585535e+00
-2.172613e-01
1.227990e-01
-1.403330e+00
1.697085e-01
8.783575e-01
-6.845870e-01
4.967084e-01
-9.099665e-02
-3.003531e-01
-5.039397e-01
4.322592e-01
1.780610e+00
8.820134e-01
7.347532e-01
2.312653e+00
-2.285157e-01
-4.454936e-02
1.467700e+00
1.080294e-01
3.847224e-01
1.553421e+00
3.480495e-02
1.205462e+00
-3.665377e-01
8.290689e-01
7.830188e-01
-1.075035e+00
-1.925611e+00
-7.327624e-01
4.684524e-01
-1.164572e+00
-2.255431e+00
5.455677e-01
4.955329e-01
-1.377783e+00
-1.995906e+00
-6.081515e-01
7.074835e-01
-3.726014e-01
4.037790e-01
1.148279e-01
1.051285e-02
-2.752481e-01
6.587157e-01
1.611088e+00
2.053736e+00
9.860999e-01
7.912091e-01
1.496463e+00
1.336773e+00
5.697010e-02
1.931936e+00
-5.268172e-01
-6.963920e-01
-1.955391e-02
-1.032575e+00
9.554036e-01
-8.700892e-01
-1.607740e+00
-2.157604e-01
-1.939245e+00
-2.195338e+00
-2.394551e+00
-1.189752e+00
5.609392e-02
-5.836260e-01
5.793747e-01
-2.026264e+00
-1.821488e+00
-1.692918e+00
1.436587e-01
-8.494003e-01
1.440544e+00
1.635559e+00
4.375220e-01
5.897663e-01
-6.354934e-02
2.144856e+00
1.226718e+00
1.689808e+00
1.944384e-01
-1.979673e-01
1.648713e+00
-3.099662e-01
-3.835237e-01
3.371482e-01
2.778113e-01
1.290460e+00
-1.393568e+00
-1.322192e+00
-8.077805e-01
-1.687767e-01
8.624339e-01
-1.872100e+00
-1.091476e+00
4.058255e-01
-1.788539e+00
-6.285700e-01
-1.757895e+00
4.726407e-01
-2.258219e+00
-1.514556e-01
-7.415937e-01
1.121602e+00
1.131974e+00
-9.166438e-02
2.232960e-01
-1.061185e+00
1.251480e+00
-4.351475e-01
1.186631e+00
-4.450412e-01
2.099757e+00
2.465793e+00
1.564479e+00
9.678406e-01
9.173294e-01
1.689458e+00
6.910922e-01
8.799110e-04
1.212661e+00
-1.161784e+00
-9.155312e-01
6.680301e-01
-1.812303e+00
-1.781843e+00
-2.116163e+00
-2.168927e+00
-1.396733e+00
-1.936829e-01
-5.560698e-01
-1.718431e+00
-9.480507e-01
3.569218e-01
4.717731e-01
4.250091e-02
-6.107768e-01
-1.081243e+00
1.308765e+00
-3.993180e-01
2.233200e-01
1.872954e+00
5.277317e-01
-3.417447e-01
8.493756e-01
-3.416818e-01
2.012235e+00
1.684045e+00
8.769081e-01
2.260065e+00
1.201820e+00
2.172531e+00
1.848210e+00
1.238066e+00
1.052042e+00
5.039574e-01
1.001997e+00
-1.196093e+00
-4.744451e-01
-2.079801e-01
-1.295693e+00
-9.506658e-01
-1.286076e+00
-1.389161e+00
-2.935871e-01
5.331725e-02
7.934893e-02
-7.873767e-01
-1.201606e+00
-2.969456e-02
-6.702257e-01
-1.462101e+00
-1.086059e+00
3.400855e-01
-4.910393e-01
-1.890712e-01
-4.433054e-01
9.170847e-01
-2.310638e-01
8.532325e-01
2.254367e+00
4.894382e-01
1.176686e+00
9.985490e-01
3.112063e-01
-7.624832e-01
-9.584404e-01
6.190914e-01
-7.533279e-01
1.318350e+00
4.772155e-01
-1.481374e+00
-1.850002e+00
-6.355785e-01
-3.178025e-01
-5.429974e-01
-8.556160e-01
-2.374384e+00
-1.013839e+00
-4.038928e-01
2.326836e-01
-5.008368e-01
-2.185721e-01
4.977196e-01
-1.129104e+00
6.555986e-01
-3.468393e-01
1.795074e+00
-2.319095e-01
-6.866666e-01
1.451749e+00
7.493296e-01
-1.339962e-02
4.353140e-01
1.933428e+00
1.244711e+00
1.339211e+00
2.061565e+00
1.575754e+00
1.107054e+00
-1.016164e+00
-9.194384e-01
-8.095931e-01
7.989901e-01
-6.194705e-01
2.648130e-01
-6.398015e-01
3.304989e-02
-2.406555e+00
-8.616655e-01
3.392767e-01
1.591569e+00
1.316537e+00
-5.755437e-01
2.123880e-01
-6.376952e-01
1.547794e+00
1.426741e+00
-1.205630e+00
-1.017115e+00
-1.264807e+00
-7.155348e-01
-1.446935e+00
-1.103492e-01
-2.200198e+00
-1.933620e+00
-2.119952e+00
-2.312816e+00
-1.542826e+00
-9.339074e-01
-1.898207e+00
4.263502e-01
1.062997e-01
-2.697052e-01
-5.953814e-01
1.025109e+00
-3.023012e-01
3.076715e-01
8.805403e-01
3.063773e-01
1.142839e+00
7.539822e-01
8.102345e-01
2.098155e+00
1.647096e+00
7.938300e-01
-1.638707e-01
-5.437727e-01
6.949714e-01
6.664814e-01
1.717745e+00
-6.000304e-01
1.406479e+00
-7.181806e-01
7.409577e-01
4.979068e-01
-4.083007e-01
-5.008616e-01
5.332712e-01
-1.589784e+00
-1.674564e+00
-6.437444e-01
-2.345068e-01
-1.574535e+00
-1.885837e+00
-5.720852e-01
-1.057790e+00
-1.229752e+00
-6.166550e-01
5.163758e-01
-3.725118e-01
3.720508e-01
1.240061e+00
-5.298751e-01
6.451361e-01
1.809912e+00
1.624141e+00
6.506467e-01
8.793001e-01
1.438658e+00
6.460629e-01
9.232760e-01
-2.272874e-01
1.434900e+00
1.628524e+00
-1.460941e+00
5.646213e-01
6.217771e-01
-2.830673e-01
-4.303816e-01
6.772314e-01
-1.659392e+00
-1.195158e+00
-1.353475e+00
-1.769655e+00
5.291602e-02
-1.758850e+00
-1.326702e+00
-7.568867e-01
3.079260e-01
5.403509e-01
1.682514e-01
-1.126808e+00
1.327038e+00
-9.509740e-01
1.384249e+00
8.211607e-01
1.029197e+00
-2.641186e-02
4.536631e-01
2.153840e+00
4.908361e-01
-6.410308e-01
-1.679759e+00
-1.150493e-01
-9.547115e-01
1.183878e-01
-7.171948e-01
2.286582e-01
4.362238e-01
8.788026e-01
1.485730e+00
7.850267e-01
3.007155e-01
1.931011e+00
4.250928e-01
6.139831e-01
1.593152e+00
7.278130e-03
1.602500e-01
-2.748154e-01
4.903452e-01
7.909670e-01
-7.720308e-01
2.119609e-01
2.475639e-02
-2.102952e-01
-2.043835e-01
-6.363891e-01
-4.024851e-01
9.968231e-02
-2.340832e+00
-2.197959e+00
-1.575577e+00
4.390800e-02
-2.329885e+00
-1.057373e+00
6.257140e-01
-6.462002e-01
-5.915700e-02
7.920803e-01
-9.243951e-01
-9.995371e-01
-5.509293e-01
-2.176147e-01
3.974059e-01
1.087216e+00
-6.459759e-01
-5.696971e-02
8.461560e-02
1.905263e+00
-1.244905e-03
1.324856e+00
2.432235e-01
3.853387e-01
-4.558148e-01
-8.778097e-01
-3.902992e-01
-9.914842e-01
9.798950e-01
-7.563498e-01
-5.773475e-02
4.684847e-01
3.396273e-01
-1.265437e+00
-6.179660e-01
-1.015922e+00
-8.240458e-01
-1.631009e+00
-5.732393e-01
-1.325013e+00
-3.725467e-01
-1.479974e+00
1.097071e-01
1.052147e+00
-2.872607e-01
-4.818648e-01
9.398506e-01
1.637413e+00
-7.535376e-01
5.975532e-01
-3.222549e-01
2.376219e+00
1.187537e+00
2.489666e+00
1.274085e+00
2.108506e+00
1.402775e+00
-5.621743e-01
1.165841e+00
-6.558583e-01
1.426276e+00
1.048385e+00
-5.033124e-01
-7.702278e-01
8.716557e-02
-1.768557e-01
-7.136263e-01
5.024090e-01
-7.959266e-01
-1.703095e+00
2.413450e+00
2.299808e+00
1.573224e+00
1.322731e+00
1.618911e+00
-8.496046e-01
-1.017020e+00
-3.817726e-01
1.098683e+00
6.350560e-01
5.256971e-01
-1.155659e+00
-3.196237e-01
-2.900493e-01
-1.356393e+00
-1.356646e+00
1.312124e-01
-9.527642e-02
-2.320248e+00
-6.042804e-01
-2.092119e+00
-1.466877e+00
-3.125188e-01
-1.004193e+00
-8.998811e-01
3.951540e-01
1.318905e+00
1.137901e-01
4.357659e-01
1.758744e+00
-2.734563e-01
2.324887e+00
1.280275e+00
4.026789e-01
5.661453e-01
2.239627e+00
1.216328e-01
1.276701e+00
4.664099e-01
9.487185e-01
4.463549e-01
-1.377825e+00
5.883773e-01
-1.115380e+00
-1.587962e+00
-1.818456e+00
-2.173190e+00
-1.714028e+00
-6.394822e-01
-5.965128e-01
-1.064892e+00
-2.087593e+00
-6.175996e-01
-1.835822e-01
4.319429e-01
-7.045997e-01
-5.576057e-01
-1.516527e+00
5.773069e-01
1.358226e+00
-2.103614e-01
5.117323e-01
7.997683e-01
1.210953e-01
1.217748e+00
2.480054e+00
1.164701e+00
1.972688e+00
-3.386729e-01
-2.138532e-01
1.288547e+00
-6.774439e-03
-4.847742e-01
1.237837e+00
-1.271063e+00
-5.503881e-01
9.946720e-01
6.013659e-01
-1.267334e+00
3.303592e-01
-7.921156e-01
-1.626054e-03
-2.883061e-01
-1.744000e+00
-2.161687e-02
4.823272e-01
2.640108e-01
1.787675e-01
1.606480e-01
7.573628e-02
7.121278e-01
-9.777232e-01
-5.548420e-01
1.772174e+00
-6.673623e-01
2.149499e+00
9.398546e-01
1.981427e+00
1.903777e+00
-3.774794e-01
1.474078e+00
9.748710e-01
9.624801e-02
-3.961832e-01
-7.583382e-01
8.898540e-02
-9.303611e-01
9.717571e-01
-1.223898e+00
9.759495e-01
5.583495e-01
-1.007271e+00
-9.279978e-01
3.817642e-01
1.909509e-01
-2.306698e-01
-4.876704e-01
-1.070005e+00
-1.166794e+00
-6.122373e-01
-4.984350e-01
-3.695466e-01
-1.899964e-04
9.521742e-01
1.162244e+00
-7.472710e-01
1.664047e+00
7.696428e-01
1.788348e+00
1.721755e+00
2.112080e+00
-4.108227e-01
1.976482e+00
2.077951e+00
6.646802e-02
1.000970e-01
1.431974e+00
1.561312e+00
-7.667315e-01
-3.064911e-02
4.636538e-01
7.642917e-01
5.790786e-01
7.180148e-01
-1.763476e+00
5.117692e-01
1.629082e-01
-9.927492e-01
4.191879e-01
-1.009352e+00
-1.392927e+00
1.067355e-02
-1.735795e+00
-7.951938e-01
6.807916e-01
-1.110343e+00
-1.729808e+00
-8.751603e-01
-1.024393e+00
-4.883483e-01
-2.604238e-01
1.607096e-01
9.655881e-01
5.085641e-01
1.077117e-02
1.798486e+00
-2.921978e-01
-7.852552e-02
-2.805883e-02
1.336694e+00
8.754560e-01
-3.373370e-01
1.336096e+00
1.108141e+00
1.423048e+00
2.379150e-01
4.802713e-01
-1.228334e+00
-4.583527e-01
6.995727e-02
-6.213011e-01
-1.991983e+00
8.265395e-02
-1.856751e+00
-1.220514e+00
-1.056852e+00
-1.273970e+00
-1.810076e+00
3.408437e-01
-1.506765e+00
1.600870e-01
1.166120e+00
1.183882e+00
-4.924642e-01
-7.528191e-01
1.745853e+00
1.302471e+00
2.618465e-01
1.040374e+00
5.899258e-01
1.763071e+00
2.424102e+00
4.516582e-01
2.131507e+00
1.799645e+00
-7.077588e-01
2.540243e-01
4.240311e-01
-6.252550e-01
-2.186713e-01
8.236172e-01
-1.562333e+00
3.971072e-01
-2.839995e-01
-1.227973e+00
4.884481e-01
-2.244413e+00
3.183033e-01
-1.038791e-01
-4.431137e-01
-7.647651e-01
-7.891705e-01
-9.903731e-01
-1.218232e+00
-6.797015e-01
-1.290645e+00
9.634579e-01
-7.667264e-01
5.026430e-01
1.230127e+00
1.534214e+00
1.592369e-01
2.307656e+00
1.843726e+00
2.169334e-01
4.402568e-01
-6.581050e-01
1.025278e+00
7.810576e-01
-2.639584e-01
7.605969e-01
-9.497738e-01
-2.658468e-01
-7.800184e-01
7.432345e-02
-8.636548e-01
-5.062327e-01
-1.311389e+00
-8.708454e-01
-3.572317e-01
-2.308291e+00
-2.384139e+00
-9.928813e-01
-1.233966e+00
3.662911e-01
-5.370199e-01
4.727815e-01
3.269997e-01
-1.164473e+00
1.450631e+00
-7.745254e-01
1.758212e+00
8.220159e-01
1.516027e+00
1.689814e+00
2.269482e+00
1.692686e+00
7.025485e-01
1.757664e-01
1.342782e+00
5.993383e-02
3.096703e-01
-7.414588e-01
9.523282e-01
1.145060e+00
-6.855894e-02
2.830813e-01
7.685687e-01
3.638926e-02
-1.258438e+00
-7.183814e-01
-1.251015e+00
-1.078956e+00
-6.479547e-01
7.334982e-02
-1.438342e+00
-9.472638e-01
-1.849038e+00
-1.445206e-01
-7.029171e-01
1.074925e+00
-1.262373e+00
7.090283e-01
3.128157e-01
3.140861e-01
9.769640e-02
1.040334e+00
-5.646264e-01
2.389504e-01
1.312435e+00
